2 0.0 0.0 0.0 0.0 0.0 0.0 0.0 
2 10.0 -1.3209972521368891 -0.19001832352546244 0.0 -8.488984424337655 0.0 0.0 
2 10.0 -3.489359472097509 -6.510640527902492 0.0 0.0 0.0 0.0 
2 8.350352063013174 -7.087308067347096 0.0 0.0 0.0 0.0 -1.2630439956660786 
2 10.0 0.0 0.0 -9.999999999999995 0.0 0.0 0.0 
2 6.122084434684378 -6.122084434684378 0.0 0.0 0.0 0.0 0.0 
2 10.0 0.0 0.0 0.0 0.0 -9.999999999999995 0.0 
2 10.0 -7.082283010902104 0.0 0.0 -2.917716989097879 0.0 0.0 
2 -1.6273340180842325E-14 0.0 0.0 0.0 0.0 0.0 0.0 
2 10.0 -9.999999999999986 0.0 0.0 0.0 0.0 0.0 
2 0.0 0.0 0.0 0.0 0.0 0.0 0.0 
2 10.0 0.0 0.0 0.0 0.0 0.0 -10.00000000000001 
2 0.0 0.0 0.0 0.0 0.0 0.0 0.0 
2 10.0 0.0 0.0 -10.0 0.0 0.0 0.0 
2 10.0 -10.0 0.0 0.0 0.0 0.0 0.0 
2 0.0 0.0 0.0 0.0 0.0 0.0 0.0 
2 0.0 0.0 0.0 0.0 0.0 0.0 0.0 
2 0.0 0.0 0.0 0.0 0.0 0.0 0.0 
2 10.0 -10.00000000000001 0.0 0.0 0.0 0.0 0.0 
2 0.0 0.0 0.0 0.0 0.0 0.0 0.0 
2 0.0 0.0 0.0 0.0 0.0 0.0 0.0 
2 0.0 0.0 0.0 0.0 0.0 0.0 0.0 
2 10.0 -9.999999999999998 0.0 0.0 0.0 0.0 0.0 
2 10.0 0.0 0.0 0.0 -9.999999999999998 0.0 0.0 
2 10.0 -10.000000000000007 0.0 0.0 0.0 0.0 0.0 
2 0.0 0.0 0.0 0.0 0.0 0.0 0.0 
2 0.0 0.0 0.0 0.0 0.0 0.0 0.0 
2 0.0 0.0 0.0 0.0 0.0 0.0 0.0 
2 10.0 0.0 -9.999999999999996 0.0 0.0 0.0 0.0 
2 0.0 0.0 0.0 0.0 0.0 0.0 0.0 
2 10.0 -10.000000000000007 0.0 0.0 0.0 0.0 0.0 
2 0.0 0.0 0.0 0.0 0.0 0.0 0.0 
2 0.0 0.0 0.0 0.0 0.0 0.0 0.0 
2 0.0 0.0 0.0 0.0 0.0 0.0 0.0 
2 0.0 0.0 0.0 0.0 0.0 0.0 0.0 
2 0.0 0.0 0.0 0.0 0.0 0.0 0.0 
2 10.0 0.0 0.0 0.0 0.0 0.0 -10.000000000000014 
2 0.0 0.0 0.0 0.0 0.0 0.0 0.0 
2 10.0 0.0 0.0 0.0 -10.000000000000005 0.0 0.0 
2 10.0 -9.999999999999993 0.0 0.0 0.0 0.0 0.0 
2 0.0 0.0 0.0 0.0 0.0 0.0 0.0 
2 0.0 0.0 0.0 0.0 0.0 0.0 0.0 
2 10.0 0.0 -10.000000000000012 0.0 0.0 0.0 0.0 
2 10.0 -9.999999999999991 0.0 0.0 0.0 0.0 0.0 
2 0.0 0.0 0.0 0.0 0.0 0.0 0.0 
2 10.0 0.0 0.0 0.0 0.0 -9.999999999999998 0.0 
2 10.0 0.0 0.0 0.0 -9.999999999999991 0.0 0.0 
2 10.0 0.0 -0.1661984772305845 0.0 0.0 0.0 -9.833801522769434 
2 0.0 0.0 0.0 0.0 0.0 0.0 0.0 
2 8.626797475348788 0.0 0.0 0.0 0.0 -8.626797475348768 0.0 
2 10.0 0.0 0.0 -3.3107265696147863 -6.689273430385219 0.0 0.0 
2 10.0 0.0 0.0 -10.0 0.0 0.0 0.0 
2 0.0 0.0 0.0 0.0 0.0 0.0 0.0 
2 10.0 -9.999999999999995 0.0 0.0 0.0 0.0 0.0 
2 2.4660503347835716 0.0 0.0 -2.4660503347835765 0.0 0.0 0.0 
2 -1.7743892833704532E-14 0.0 0.0 0.0 0.0 0.0 0.0 
2 10.0 -9.999999999999988 0.0 0.0 0.0 0.0 0.0 
2 0.0 0.0 0.0 0.0 0.0 0.0 0.0 
2 10.0 -10.000000000000004 0.0 0.0 0.0 0.0 0.0 
2 0.0 0.0 0.0 0.0 0.0 0.0 0.0 
2 10.0 0.0 0.0 0.0 -9.99999999999999 0.0 0.0 
2 10.0 0.0 0.0 0.0 -10.000000000000014 0.0 0.0 
2 0.0 0.0 0.0 0.0 0.0 0.0 0.0 
2 10.0 0.0 0.0 0.0 -10.000000000000007 0.0 0.0 
2 10.0 0.0 0.0 0.0 0.0 -10.000000000000004 0.0 
2 0.0 0.0 0.0 0.0 0.0 0.0 0.0 
2 0.0 0.0 0.0 0.0 0.0 0.0 0.0 
2 0.0 0.0 0.0 0.0 0.0 0.0 0.0 
2 0.0 0.0 0.0 0.0 0.0 0.0 0.0 
2 10.0 -10.000000000000012 0.0 0.0 0.0 0.0 0.0 
2 0.0 0.0 0.0 0.0 0.0 0.0 0.0 
2 10.0 -10.000000000000002 0.0 0.0 0.0 0.0 0.0 
2 0.0 0.0 0.0 0.0 0.0 0.0 0.0 
2 10.0 0.0 0.0 -10.000000000000007 0.0 0.0 0.0 
2 0.0 0.0 0.0 0.0 0.0 0.0 0.0 
2 10.0 0.0 0.0 0.0 0.0 -10.00000000000001 0.0 
2 0.0 0.0 0.0 0.0 0.0 0.0 0.0 
2 0.0 0.0 0.0 0.0 0.0 0.0 0.0 
2 0.0 0.0 0.0 0.0 0.0 0.0 0.0 
2 0.8654618057454483 -0.08552576700028852 -0.1608272076482636 -0.11642513241143312 -0.15050933418161594 -0.1346005827466323 -0.2175737817572163 
2 0.0 0.0 0.0 0.0 0.0 0.0 0.0 
2 10.0 0.0 0.0 -9.999999999999995 0.0 0.0 0.0 
2 0.0 0.0 0.0 0.0 0.0 0.0 0.0 
2 0.0 0.0 0.0 0.0 0.0 0.0 0.0 
2 3.9704300636087577E-16 0.0 0.0 0.0 0.0 0.0 0.0 
2 0.0 0.0 0.0 0.0 0.0 0.0 0.0 
2 0.0 0.0 0.0 0.0 0.0 0.0 0.0 
2 10.0 0.0 0.0 -9.999999999999996 0.0 0.0 0.0 
2 0.0 0.0 0.0 0.0 0.0 0.0 0.0 
2 10.0 0.0 0.0 -9.999999999999991 0.0 0.0 0.0 
2 0.0 0.0 0.0 0.0 0.0 0.0 0.0 
2 0.0 0.0 0.0 0.0 0.0 0.0 0.0 
2 0.0 0.0 0.0 0.0 0.0 0.0 0.0 
2 10.0 0.0 0.0 -9.999999999999998 0.0 0.0 0.0 
2 10.0 0.0 0.0 -9.999999999999996 0.0 0.0 0.0 
2 10.0 0.0 0.0 -10.00000000000001 0.0 0.0 0.0 
2 10.0 0.0 0.0 -10.000000000000005 0.0 0.0 0.0 
2 10.0 0.0 0.0 0.0 -9.999999999999995 0.0 0.0 
2 0.0 0.0 0.0 0.0 0.0 0.0 0.0 
2 10.0 0.0 -10.000000000000005 0.0 0.0 0.0 0.0 
2 0.0 0.0 0.0 0.0 0.0 0.0 0.0 
2 10.0 0.0 -10.000000000000004 0.0 0.0 0.0 0.0 
2 10.0 -9.999999999999986 0.0 0.0 0.0 0.0 0.0 
2 10.0 -10.000000000000002 0.0 0.0 0.0 0.0 0.0 
2 10.0 0.0 0.0 -9.999999999999995 0.0 0.0 0.0 
2 10.0 0.0 0.0 -9.999999999999998 0.0 0.0 0.0 
2 0.0 0.0 0.0 0.0 0.0 0.0 0.0 
2 0.0 0.0 0.0 0.0 0.0 0.0 0.0 
2 5.445961859095005 -5.445961859095025 0.0 0.0 0.0 0.0 0.0 
2 0.0 0.0 0.0 0.0 0.0 0.0 0.0 
2 0.0 0.0 0.0 0.0 0.0 0.0 0.0 
2 0.0 0.0 0.0 0.0 0.0 0.0 0.0 
2 4.205990925117974 -0.08815935942753077 -2.2443382474041393 0.0 -0.36858844420122305 0.0 -1.5049048740850772 
2 0.0 0.0 0.0 0.0 0.0 0.0 0.0 
2 8.565864884218263 -0.42419858982665287 -6.576467266573344 0.0 -0.020836632378713853 -0.2013885749002812 -1.3429738205392736 
2 -1.760371420458663E-14 0.0 0.0 0.0 0.0 0.0 0.0 
2 10.0 0.0 0.0 -9.999999999999993 0.0 0.0 0.0 
2 0.0 0.0 0.0 0.0 0.0 0.0 0.0 
2 10.0 0.0 0.0 -9.999999999999995 0.0 0.0 0.0 
2 10.0 -10.000000000000005 0.0 0.0 0.0 0.0 0.0 
2 0.0 0.0 0.0 0.0 0.0 0.0 0.0 
2 10.0 0.0 0.0 -9.999999999999996 0.0 0.0 0.0 
2 8.283753300770968 -2.0442405027496733 -4.540911875295678 -0.5515702899499892 0.0 0.0 -1.1470306327756286 
2 0.0 0.0 0.0 0.0 0.0 0.0 0.0 
2 10.0 0.0 0.0 -9.999999999999993 0.0 0.0 0.0 
2 0.0 0.0 0.0 0.0 0.0 0.0 0.0 
2 10.0 0.0 0.0 0.0 0.0 -9.999999999999996 0.0 
2 10.0 -10.000000000000004 0.0 0.0 0.0 0.0 0.0 
2 10.0 -10.000000000000018 0.0 0.0 0.0 0.0 0.0 
2 10.0 -9.99999999999999 0.0 0.0 0.0 0.0 0.0 
2 10.0 0.0 0.0 -10.000000000000002 0.0 0.0 0.0 
2 10.0 -2.5599520791051963E-5 0.0 -3.472710096114954E-5 0.0 -9.999934966476586 -4.706901660996219E-6 
2 10.0 0.0 0.0 -10.000000000000007 0.0 0.0 0.0 
2 0.0 0.0 0.0 0.0 0.0 0.0 0.0 
2 10.0 -9.999999999999986 0.0 0.0 0.0 0.0 0.0 
2 10.0 0.0 0.0 -9.999999999999995 0.0 0.0 0.0 
0 0.0 1.289545106559876 0.0 0.0 -1.289545106559881 0.0 0.0 
0 0.0 10.0 -7.2824799403118545 0.0 0.0 -2.717520059688148 0.0 
0 0.0 10.0 0.0 -10.000000000000002 0.0 0.0 0.0 
0 0.0 0.0 0.0 0.0 0.0 0.0 0.0 
0 0.0 10.0 -10.0 0.0 0.0 0.0 0.0 
0 -0.006848423946843029 4.47625274979418 0.0 -1.1833098933458759 -1.0199542564739736 0.0 -2.2661401760275006 
0 0.0 0.0 0.0 0.0 0.0 0.0 0.0 
0 -1.4308964556711148 10.0 -8.10101275654727 0.0 0.0 0.0 -0.4680907877816184 
0 0.0 0.0 0.0 0.0 0.0 0.0 0.0 
0 0.0 0.0 0.0 0.0 0.0 0.0 0.0 
0 0.0 10.0 0.0 -9.22589105287335 0.0 0.0 -0.7741089471266206 
0 0.0 10.0 0.0 0.0 0.0 -10.000000000000005 0.0 
0 0.0 10.0 -10.000000000000004 0.0 0.0 0.0 0.0 
0 0.0 0.0 0.0 0.0 0.0 0.0 0.0 
0 0.0 0.0 0.0 0.0 0.0 0.0 0.0 
0 0.0 10.0 0.0 -10.000000000000005 0.0 0.0 0.0 
0 0.0 0.0 0.0 0.0 0.0 0.0 0.0 
0 0.0 -8.435621829988438E-15 0.0 0.0 0.0 0.0 0.0 
0 0.0 0.0 0.0 0.0 0.0 0.0 0.0 
0 0.0 0.7389452749563432 -0.10605428049386818 -0.19643967375902618 -0.1102313306017961 -0.32621999010165176 0.0 
0 0.0 0.0 0.0 0.0 0.0 0.0 0.0 
0 0.0 0.0 0.0 0.0 0.0 0.0 0.0 
0 0.0 0.0 0.0 0.0 0.0 0.0 0.0 
0 0.0 0.0 0.0 0.0 0.0 0.0 0.0 
0 -10.000000000000023 10.0 0.0 0.0 0.0 0.0 0.0 
0 0.0 10.0 0.0 0.0 0.0 -10.000000000000016 0.0 
0 0.0 10.0 -10.000000000000004 0.0 0.0 0.0 0.0 
0 0.0 10.0 0.0 -10.000000000000004 0.0 0.0 0.0 
0 0.0 0.0 0.0 0.0 0.0 0.0 0.0 
0 0.0 0.0 0.0 0.0 0.0 0.0 0.0 
0 0.0 0.0 0.0 0.0 0.0 0.0 0.0 
0 -0.11401457350104682 0.6276670345140246 -0.08822224834233366 -0.10491610719761647 -0.13319320134029167 -0.04382118943357446 -0.1434997146991607 
0 0.0 0.0 0.0 0.0 0.0 0.0 0.0 
0 0.0 0.0 0.0 0.0 0.0 0.0 0.0 
0 0.0 0.0 0.0 0.0 0.0 0.0 0.0 
0 0.0 0.0 0.0 0.0 0.0 0.0 0.0 
0 0.0 0.0 0.0 0.0 0.0 0.0 0.0 
0 0.0 0.0 0.0 0.0 0.0 0.0 0.0 
0 0.0 0.0 0.0 0.0 0.0 0.0 0.0 
0 -9.999999999999957 10.0 0.0 0.0 0.0 0.0 0.0 
0 0.0 3.400939995076058 0.0 0.0 0.0 -3.400939995076058 0.0 
0 -0.030123459387096974 0.4498747662618582 -0.09251098018862289 -0.020842360494373147 -0.11982300311069229 -0.04224056489865257 -0.1443343981824191 
0 0.0 0.0 0.0 0.0 0.0 0.0 0.0 
0 0.0 0.0 0.0 0.0 0.0 0.0 0.0 
0 0.0 0.0 0.0 0.0 0.0 0.0 0.0 
0 0.0 0.0 0.0 0.0 0.0 0.0 0.0 
0 -10.0 10.0 0.0 0.0 0.0 0.0 0.0 
0 0.0 10.0 0.0 0.0 -9.999999999999996 0.0 0.0 
0 0.0 0.0 0.0 0.0 0.0 0.0 0.0 
0 0.0 10.0 0.0 0.0 0.0 -9.999999999999995 0.0 
0 0.0 10.0 0.0 0.0 0.0 -10.000000000000009 0.0 
0 -10.0 10.0 0.0 0.0 0.0 0.0 0.0 
0 0.0 0.0 0.0 0.0 0.0 0.0 0.0 
0 0.0 4.0103541093097784E-16 0.0 0.0 0.0 0.0 0.0 
0 -9.999999999999966 10.0 0.0 0.0 0.0 0.0 0.0 
0 0.0 10.0 0.0 0.0 0.0 -9.999999999999991 0.0 
0 0.0 2.6979614739995674 0.0 0.0 0.0 0.0 -2.6979614739995674 
0 -9.999999999999984 10.0 0.0 0.0 0.0 0.0 0.0 
0 0.0 0.0 0.0 0.0 0.0 0.0 0.0 
0 0.0 10.0 0.0 0.0 -9.999999999999998 0.0 0.0 
0 0.0 0.0 0.0 0.0 0.0 0.0 0.0 
0 -0.1605550075621722 0.9255482497284164 -0.14749223277183374 -0.15061159096919627 -0.17668497901874647 -0.10007287151987214 -0.19013156788659577 
0 -7.113800839905115 10.0 0.0 -2.2770840443626215 0.0 0.0 -0.6091151157322642 
0 0.0 0.0 0.0 0.0 0.0 0.0 0.0 
0 0.0 0.0 0.0 0.0 0.0 0.0 0.0 
0 -8.597845435025887 10.0 0.0 0.0 0.0 0.0 -1.4021545649741394 
0 0.0 0.0 0.0 0.0 0.0 0.0 0.0 
0 -1.4340246200579305 8.331889969821843 -2.4034698771042042 -0.7931726776272648 -3.6098937324170066 0.0 -0.09132906261541945 
0 0.0 10.0 -9.999999999999993 0.0 0.0 0.0 0.0 
0 0.0 0.0 0.0 0.0 0.0 0.0 0.0 
0 0.0 0.32011847730827975 -3.9269310896411985E-4 -0.07648948913312124 0.0 -1.805827683430088E-4 -0.24305571229785497 
0 0.0 0.0 0.0 0.0 0.0 0.0 0.0 
0 0.0 10.0 0.0 0.0 0.0 -9.999999999999977 0.0 
0 0.0 10.0 0.0 0.0 0.0 0.0 -9.999999999999991 
0 0.0 2.8855042894814615 0.0 0.0 0.0 0.0 -2.8855042894814584 
0 0.0 10.0 -2.721920384620029 0.0 -3.507468314267614 -3.7706113011123636 0.0 
0 0.0 0.24409914423876758 0.0 0.0 0.0 -0.24409914423876553 0.0 
0 -2.592549363058742 10.0 -7.407450636941227 0.0 0.0 0.0 0.0 
0 0.0 0.0 0.0 0.0 0.0 0.0 0.0 
0 -5.33023551065635 10.0 -0.6464428795066238 -0.08129827527807183 -1.8953825696848232 -0.38783888830254815 -1.6588018765715267 
0 0.0 0.0 0.0 0.0 0.0 0.0 0.0 
0 0.0 -4.958992527019057E-16 0.0 0.0 0.0 0.0 0.0 
0 0.0 -8.219967422804621E-15 0.0 0.0 0.0 0.0 0.0 
0 0.0 0.0 0.0 0.0 0.0 0.0 0.0 
0 0.0 0.0 0.0 0.0 0.0 0.0 0.0 
0 0.0 10.0 0.0 -10.000000000000014 0.0 0.0 0.0 
0 0.0 0.0 0.0 0.0 0.0 0.0 0.0 
0 0.0 10.0 0.0 0.0 0.0 -10.0 0.0 
0 0.0 0.03372258344658155 0.0 0.0 0.0 0.0 -0.03372258344658454 
0 0.0 10.0 0.0 -10.000000000000005 0.0 0.0 0.0 
0 0.0 0.0 0.0 0.0 0.0 0.0 0.0 
0 0.0 0.0 0.0 0.0 0.0 0.0 0.0 
0 -8.890087641429853 10.0 0.0 -0.038867826311014084 0.0 0.0 -1.0710445322590036 
0 0.0 10.0 -10.0 0.0 0.0 0.0 0.0 
0 0.0 0.0 0.0 0.0 0.0 0.0 0.0 
0 0.0 10.0 0.0 -10.000000000000005 0.0 0.0 0.0 
0 -10.000000000000005 10.0 0.0 0.0 0.0 0.0 0.0 
0 0.0 0.0 0.0 0.0 0.0 0.0 0.0 
0 0.0 9.360771684529674 -8.859987640179755 0.0 -0.3987604178757103 -0.08975177992014179 -0.012271846554059782 
0 -0.14679370522183677 0.7995384355249819 -0.10706274125623275 -0.13388255396468937 -0.15568715707488548 -0.08261798353888583 -0.1734942944684517 
0 -10.000000000000016 10.0 0.0 0.0 0.0 0.0 0.0 
0 0.0 0.0 0.0 0.0 0.0 0.0 0.0 
0 0.0 0.0 0.0 0.0 0.0 0.0 0.0 
0 0.0 0.0 0.0 0.0 0.0 0.0 0.0 
0 0.0 2.9868642932903544 0.0 -1.7217200329397249 0.0 0.0 -1.2651442603506147 
0 0.0 0.0 0.0 0.0 0.0 0.0 0.0 
0 0.0 0.0 0.0 0.0 0.0 0.0 0.0 
0 0.0 0.0 0.0 0.0 0.0 0.0 0.0 
0 0.0 10.0 0.0 0.0 -9.99999999999998 0.0 0.0 
0 0.0 10.0 0.0 -10.000000000000004 0.0 0.0 0.0 
0 0.0 0.0 0.0 0.0 0.0 0.0 0.0 
0 0.0 10.0 0.0 0.0 -10.0 0.0 0.0 
0 -0.029464255036993483 0.7840902409411347 -0.030989614014312786 -0.26051831425976346 0.0 -0.20011346100331362 -0.2630045966267483 
0 0.0 -9.57901803740571E-16 0.0 0.0 0.0 0.0 0.0 
0 0.0 0.0 0.0 0.0 0.0 0.0 0.0 
0 0.0 0.0 0.0 0.0 0.0 0.0 0.0 
0 0.0 0.0 0.0 0.0 0.0 0.0 0.0 
0 0.0 10.0 0.0 0.0 0.0 -9.999999999999998 0.0 
0 -2.4412021034435076 10.0 -7.55879789655649 0.0 0.0 0.0 0.0 
0 0.0 10.0 0.0 0.0 0.0 -9.999999999999991 0.0 
0 -8.166805280880522 10.0 0.0 0.0 0.0 0.0 -1.833194719119475 
0 0.0 0.0 0.0 0.0 0.0 0.0 0.0 
0 0.0 0.0 0.0 0.0 0.0 0.0 0.0 
0 0.0 0.0 0.0 0.0 0.0 0.0 0.0 
0 -0.09230866693199963 0.17361811275890465 -8.554281930006157E-4 -0.07217387851516548 -0.003315002646033227 -0.0031237415940916858 -0.0018413948786160034 
0 0.0 10.0 0.0 0.0 0.0 -10.000000000000018 0.0 
0 0.0 10.0 0.0 -9.999999999999988 0.0 0.0 0.0 
0 0.0 10.0 0.0 0.0 0.0 -10.000000000000007 0.0 
0 0.0 10.0 0.0 0.0 0.0 0.0 -9.999999999999995 
0 0.0 0.0 0.0 0.0 0.0 0.0 0.0 
0 0.0 0.0 0.0 0.0 0.0 0.0 0.0 
0 0.0 10.0 -9.99999999999999 0.0 0.0 0.0 0.0 
0 0.0 0.9170499153574161 0.0 0.0 -0.9170499153574225 0.0 0.0 
0 0.0 0.0 0.0 0.0 0.0 0.0 0.0 
0 0.0 10.0 0.0 -10.0 0.0 0.0 0.0 
0 0.0 0.0 0.0 0.0 0.0 0.0 0.0 
0 0.0 0.0 0.0 0.0 0.0 0.0 0.0 
0 0.0 0.0 0.0 0.0 0.0 0.0 0.0 
0 -7.911857276650456E-5 7.911857276730002E-5 0.0 0.0 0.0 0.0 0.0 
0 -8.080012313015906 10.0 0.0 -0.24843348973614457 0.0 0.0 -1.671554197248023 
0 0.0 0.0 0.0 0.0 0.0 0.0 0.0 
0 0.0 0.0 0.0 0.0 0.0 0.0 0.0 
0 0.0 10.0 -10.000000000000027 0.0 0.0 0.0 0.0 
0 0.0 10.0 0.0 0.0 0.0 -10.000000000000002 0.0 
0 0.0 10.0 0.0 0.0 0.0 -9.999999999999998 0.0 
0 -6.322458770968509E-4 0.01682479417411504 0.0 -0.0016234813333422778 -0.005356971199157255 -0.007734036822135203 -0.0014780589423850777 
0 0.0 10.0 0.0 0.0 0.0 -10.000000000000002 0.0 
0 0.0 0.0 0.0 0.0 0.0 0.0 0.0 
0 0.0 10.0 0.0 0.0 0.0 -9.999999999999995 0.0 
0 0.0 0.0 0.0 0.0 0.0 0.0 0.0 
0 0.0 5.650711049285708E-15 0.0 0.0 0.0 0.0 0.0 
0 0.0 0.0 0.0 0.0 0.0 0.0 0.0 
0 0.0 0.0 0.0 0.0 0.0 0.0 0.0 
0 0.0 0.0 0.0 0.0 0.0 0.0 0.0 
0 0.0 0.0 0.0 0.0 0.0 0.0 0.0 
0 -10.000000000000004 10.0 0.0 0.0 0.0 0.0 0.0 
0 0.0 0.0 0.0 0.0 0.0 0.0 0.0 
0 0.0 10.0 0.0 0.0 -9.999999999999972 0.0 0.0 
0 0.0 0.0 0.0 0.0 0.0 0.0 0.0 
0 0.0 0.0 0.0 0.0 0.0 0.0 0.0 
0 0.0 0.0 0.0 0.0 0.0 0.0 0.0 
0 0.0 0.0 0.0 0.0 0.0 0.0 0.0 
0 0.0 10.0 0.0 0.0 0.0 -9.999999999999991 0.0 
0 0.0 0.0 0.0 0.0 0.0 0.0 0.0 
0 0.0 10.0 0.0 0.0 0.0 -10.000000000000002 0.0 
0 0.0 0.0 0.0 0.0 0.0 0.0 0.0 
0 0.0 0.0 0.0 0.0 0.0 0.0 0.0 
0 0.0 10.0 -2.35995259132707 -7.640047408672927 0.0 0.0 0.0 
0 -1.7043863512763662 2.8245095610687154 -0.6946080703387295 0.0 -0.4255151394536164 0.0 0.0 
0 0.0 0.0 0.0 0.0 0.0 0.0 0.0 
0 0.0 10.0 -9.842324330123612 0.0 -0.051287817103578506 0.0 -0.1063878527727788 
0 0.0 0.0 0.0 0.0 0.0 0.0 0.0 
0 0.0 0.159817129198522 -0.15981712919852248 0.0 0.0 0.0 0.0 
0 0.0 0.0 0.0 0.0 0.0 0.0 0.0 
0 0.0 -3.80108116414442E-15 0.0 0.0 0.0 0.0 0.0 
0 0.0 0.0 0.0 0.0 0.0 0.0 0.0 
0 0.0 10.0 0.0 0.0 0.0 -10.0 0.0 
0 0.0 0.0 0.0 0.0 0.0 0.0 0.0 
0 0.0 0.0 0.0 0.0 0.0 0.0 0.0 
0 0.0 0.0 0.0 0.0 0.0 0.0 0.0 
0 0.0 0.0 0.0 0.0 0.0 0.0 0.0 
0 0.0 0.0 0.0 0.0 0.0 0.0 0.0 
0 0.0 -7.602054951634332E-16 0.0 0.0 0.0 0.0 0.0 
0 -5.215777964465853 7.556661258783686 0.0 0.0 -2.340883294317862 0.0 0.0 
0 0.0 10.0 0.0 0.0 0.0 -9.999999999999998 0.0 
0 0.0 0.0 0.0 0.0 0.0 0.0 0.0 
0 -2.7255743203777287 10.0 -0.9450380918847537 0.0 -4.665704942031372 0.0 -1.6636826457061538 
0 0.0 3.578759454478547E-15 0.0 0.0 0.0 0.0 0.0 
0 0.0 0.0 0.0 0.0 0.0 0.0 0.0 
0 0.0 0.0 0.0 0.0 0.0 0.0 0.0 
0 -4.072122825841053 10.0 0.0 0.0 0.0 -5.927877174158949 0.0 
0 0.0 0.0 0.0 0.0 0.0 0.0 0.0 
0 -4.9252667963685255 8.532004363676387 -0.07669663949112518 0.0 0.0 0.0 -3.5300409278167373 
0 0.0 10.0 0.0 0.0 0.0 -9.999999999999995 0.0 
0 0.0 9.59838676159644E-16 0.0 0.0 0.0 0.0 0.0 
0 0.0 5.002906289270626E-16 0.0 0.0 0.0 0.0 0.0 
0 0.0 0.0 0.0 0.0 0.0 0.0 0.0 
0 0.0 1.6850942696157671E-15 0.0 0.0 0.0 0.0 0.0 
0 0.0 8.860693694613236 -7.195356386381267 -1.0213264388924188 0.0 -0.6440108693395566 0.0 
0 0.0 0.0 0.0 0.0 0.0 0.0 0.0 
0 0.0 0.0 0.0 0.0 0.0 0.0 0.0 
0 0.0 0.0 0.0 0.0 0.0 0.0 0.0 
0 -3.2785551060528184 10.0 0.0 0.0 -5.871812938342178 0.0 -0.8496319556049889 
0 0.0 0.0 0.0 0.0 0.0 0.0 0.0 
0 0.0 0.0 0.0 0.0 0.0 0.0 0.0 
0 0.0 2.8848301273450267E-15 0.0 0.0 0.0 0.0 0.0 
0 0.0 0.0 0.0 0.0 0.0 0.0 0.0 
0 0.0 -4.175677595986659E-15 0.0 0.0 0.0 0.0 0.0 
0 0.0 10.0 0.0 -10.0 0.0 0.0 0.0 
0 0.0 0.0 0.0 0.0 0.0 0.0 0.0 
0 0.0 10.0 0.0 -10.000000000000005 0.0 0.0 0.0 
0 -0.5299340288334455 10.0 -0.12500195772517841 -0.41606476392903535 -0.5989829883786749 -7.700287427093674 -0.6297288340399912 
0 0.0 3.310802204540586 0.0 0.0 -0.9957004767997466 -2.315101727740842 0.0 
0 0.0 0.0 0.0 0.0 0.0 0.0 0.0 
0 0.0 0.03473249732323286 0.0 0.0 -0.034732497323229056 0.0 0.0 
0 0.0 10.0 0.0 0.0 0.0 0.0 -9.999999999999993 
0 -9.999999999999973 10.0 0.0 0.0 0.0 0.0 0.0 
0 -0.5395459111043406 3.4699962456849853 -0.002189642808927436 0.0 -0.4995323707978552 0.0 -2.428728320973855 
0 0.0 0.0 0.0 0.0 0.0 0.0 0.0 
0 0.0 0.0 0.0 0.0 0.0 0.0 0.0 
0 0.0 5.489492744512383E-15 0.0 0.0 0.0 0.0 0.0 
0 -2.0699178961776075 10.0 0.0 0.0 0.0 -7.930082103822385 0.0 
0 0.0 10.0 0.0 0.0 -0.8937775401822537 -7.608124923010338 -1.4980975368074354 
0 0.0 10.0 -10.0 0.0 0.0 0.0 0.0 
0 0.0 10.0 -9.992869455105202 0.0 -0.00713054489479467 0.0 0.0 
0 0.0 10.0 0.0 0.0 -10.000000000000007 0.0 0.0 
0 0.0 0.0 0.0 0.0 0.0 0.0 0.0 
0 0.0 10.0 0.0 0.0 -10.0 0.0 0.0 
0 0.0 0.0 0.0 0.0 0.0 0.0 0.0 
0 0.0 0.0 0.0 0.0 0.0 0.0 0.0 
0 0.0 0.0 0.0 0.0 0.0 0.0 0.0 
0 0.0 0.0 0.0 0.0 0.0 0.0 0.0 
0 0.0 0.0 0.0 0.0 0.0 0.0 0.0 
0 -0.11725381019800862 0.6150086518689872 -0.09071130552140871 -0.09116054816761265 -0.1257353843893896 -0.04414202794942281 -0.14600557564314626 
0 -0.019640236065335517 0.11090292147755855 -0.01840931199140092 -0.016152607636471552 -0.023205092532471317 -0.007882554465850839 -0.025613118786029104 
0 0.0 10.0 0.0 -1.0916705973285554 0.0 -4.641781166839791 -4.266548235831655 
0 0.0 3.9086796364919295E-15 0.0 0.0 0.0 0.0 0.0 
0 0.0 0.5924132306373723 0.0 -0.5924132306373757 0.0 0.0 0.0 
0 0.0 0.0 0.0 0.0 0.0 0.0 0.0 
0 0.0 0.0 0.0 0.0 0.0 0.0 0.0 
0 0.0 1.3053354407560493E-15 0.0 0.0 0.0 0.0 0.0 
0 0.0 0.0 0.0 0.0 0.0 0.0 0.0 
0 0.0 0.0 0.0 0.0 0.0 0.0 0.0 
0 0.0 10.0 -2.0879306984260904 0.0 0.0 0.0 -7.91206930157391 
0 0.0 -9.386900678665086E-16 0.0 0.0 0.0 0.0 0.0 
0 0.0 0.0 0.0 0.0 0.0 0.0 0.0 
0 0.0 0.0 0.0 0.0 0.0 0.0 0.0 
0 0.0 10.0 -10.000000000000005 0.0 0.0 0.0 0.0 
0 -0.14671805929267281 0.79957541946729 -0.10716251895788322 -0.13383253098582346 -0.1557543890287592 -0.08266503208067262 -0.17344288912147682 
0 0.0 10.0 -9.999999999999993 0.0 0.0 0.0 0.0 
0 0.0 0.0 0.0 0.0 0.0 0.0 0.0 
0 0.0 10.0 -5.7313273666356634 0.0 -1.3630490667483908 0.0 -2.9056235666160135 
0 0.0 10.0 0.0 0.0 -10.00000000000001 0.0 0.0 
0 0.0 1.1199601284008805E-15 0.0 0.0 0.0 0.0 0.0 
0 0.0 1.395531205565481 0.0 -0.40476451492703375 -0.9907666906384603 0.0 0.0 
0 0.0 10.0 -10.0 0.0 0.0 0.0 0.0 
0 0.0 10.0 -9.398685219009831 -0.5049317038123164 0.0 0.0 -0.0963830771778624 
0 0.0 10.0 -9.999999999999995 0.0 0.0 0.0 0.0 
0 0.0 0.0 0.0 0.0 0.0 0.0 0.0 
0 -10.000000000000002 10.0 0.0 0.0 0.0 0.0 0.0 
0 0.0 0.0 0.0 0.0 0.0 0.0 0.0 
0 0.0 0.0 0.0 0.0 0.0 0.0 0.0 
0 -0.0026310503601914073 0.009673703157406514 -0.005125861632005922 -7.617181811889393E-4 0.0 -0.001155072984019648 0.0 
0 0.0 0.0 0.0 0.0 0.0 0.0 0.0 
0 0.0 0.0 0.0 0.0 0.0 0.0 0.0 
0 0.0 10.0 -10.000000000000004 0.0 0.0 0.0 0.0 
0 0.0 10.0 -9.999999999999991 0.0 0.0 0.0 0.0 
0 0.0 -1.6305127776441306E-15 0.0 0.0 0.0 0.0 0.0 
0 0.0 0.0 0.0 0.0 0.0 0.0 0.0 
0 0.0 0.0 0.0 0.0 0.0 0.0 0.0 
0 0.0 10.0 -10.000000000000002 0.0 0.0 0.0 0.0 
0 0.0 10.0 -9.999999999999993 0.0 0.0 0.0 0.0 
0 0.0 10.0 -10.000000000000005 0.0 0.0 0.0 0.0 
0 0.0 10.0 0.0 0.0 0.0 -9.999999999999996 0.0 
0 0.0 0.0 0.0 0.0 0.0 0.0 0.0 
0 0.0 0.0 0.0 0.0 0.0 0.0 0.0 
0 0.0 1.390047816352984E-15 0.0 0.0 0.0 0.0 0.0 
0 0.0 10.0 0.0 0.0 0.0 -10.0 0.0 
0 0.0 0.0 0.0 0.0 0.0 0.0 0.0 
0 0.0 10.0 0.0 0.0 0.0 -10.000000000000004 0.0 
0 0.0 0.0 0.0 0.0 0.0 0.0 0.0 
0 0.0 0.7128865376528976 0.0 0.0 -0.7128865376528976 0.0 0.0 
0 0.0 10.0 -10.0 0.0 0.0 0.0 0.0 
0 0.0 0.0 0.0 0.0 0.0 0.0 0.0 
0 0.0 0.0 0.0 0.0 0.0 0.0 0.0 
0 -0.5294907188245036 2.5944837146267226 -0.37306949439082343 -0.41751069456917217 -0.4496987191691411 -0.34657372091269817 -0.4781403667603822 
0 0.0 10.0 0.0 0.0 0.0 -10.0 0.0 
0 0.0 0.0 0.0 0.0 0.0 0.0 0.0 
0 0.0 10.0 -5.442105979051149 0.0 -4.557894020948858 0.0 0.0 
0 -0.2829801657279728 1.684175755802921 -0.26227664976358755 -0.28547671711066575 -0.30663335774982714 -0.23095551323987046 -0.31585335221099803 
0 -10.000000000000007 10.0 0.0 0.0 0.0 0.0 0.0 
0 0.0 10.0 -2.8006932279261174 0.0 0.0 0.0 -7.199306772073886 
0 0.0 10.0 -0.22832022907741342 0.0 0.0 -9.771679770922587 0.0 
0 0.0 10.0 -10.000000000000002 0.0 0.0 0.0 0.0 
0 0.0 0.0 0.0 0.0 0.0 0.0 0.0 
0 0.0 10.0 0.0 0.0 0.0 0.0 -9.999999999999995 
0 0.0 10.0 -9.999999999999995 0.0 0.0 0.0 0.0 
0 -0.14658925040662676 0.7993073496839678 -0.106905119537486 -0.13406983268606185 -0.1556117943472249 -0.08272632569276805 -0.1734050270137995 
0 -0.14650744764205698 0.7991071747314152 -0.10687165946357632 -0.13409779012794115 -0.1556041571916272 -0.08274263426378047 -0.17328348604243476 
0 -1.75413829814468 10.0 -1.5737764942965544 -1.3495119965222189 -1.7364602981960124 -1.3461489111272202 -2.2399640017132874 
0 0.0 10.0 0.0 -4.276725330398156 -0.8758360565491767 -2.7193275929684657 -2.128111020084202 
0 0.0 0.0 0.0 0.0 0.0 0.0 0.0 
0 -5.142490019663356 10.0 0.0 0.0 0.0 0.0 -4.857509980336647 
0 0.0 0.0 0.0 0.0 0.0 0.0 0.0 
0 0.0 0.0 0.0 0.0 0.0 0.0 0.0 
0 0.0 10.0 -10.000000000000004 0.0 0.0 0.0 0.0 
0 -10.000000000000002 10.0 0.0 0.0 0.0 0.0 0.0 
0 -9.999999999999993 10.0 0.0 0.0 0.0 0.0 0.0 
0 0.0 4.201459504757182 -0.8503500526664125 -0.8449952114205791 -1.0284141249583996 -0.5450554613292508 -0.932644654382536 
0 0.0 3.314378375856044E-15 0.0 0.0 0.0 0.0 0.0 
0 0.0 10.0 -10.000000000000016 0.0 0.0 0.0 0.0 
0 0.0 10.0 0.0 -3.196428893431266 0.0 0.0 -6.803571106568714 
0 0.0 8.401010729005709E-15 0.0 0.0 0.0 0.0 0.0 
0 0.0 10.0 0.0 0.0 0.0 -10.0 0.0 
0 0.0 0.0 0.0 0.0 0.0 0.0 0.0 
0 0.0 0.0 0.0 0.0 0.0 0.0 0.0 
0 0.0 0.0 0.0 0.0 0.0 0.0 0.0 
0 0.0 0.0 0.0 0.0 0.0 0.0 0.0 
0 0.0 0.0 0.0 0.0 0.0 0.0 0.0 
0 0.0 1.8771172508500715E-15 0.0 0.0 0.0 0.0 0.0 
0 -0.1467109041581906 0.7994269677952432 -0.10692129111231412 -0.13399097389854936 -0.1556791837799096 -0.08275449794275233 -0.17337011690352572 
0 0.0 0.0 0.0 0.0 0.0 0.0 0.0 
0 0.0 10.0 0.0 -10.0 0.0 0.0 0.0 
0 -3.0501608334762422 3.0501608334762453 0.0 0.0 0.0 0.0 0.0 
0 -9.99999999999998 10.0 0.0 0.0 0.0 0.0 0.0 
0 0.0 0.0 0.0 0.0 0.0 0.0 0.0 
0 0.0 0.0 0.0 0.0 0.0 0.0 0.0 
0 -3.266392810686899E-5 10.0 -5.648487938565343E-5 0.0 0.0 -9.999910851192507 0.0 
0 0.0 0.0 0.0 0.0 0.0 0.0 0.0 
0 0.0 0.0 0.0 0.0 0.0 0.0 0.0 
0 0.0 1.2663094561448294E-15 0.0 0.0 0.0 0.0 0.0 
0 0.0 0.0 0.0 0.0 0.0 0.0 0.0 
0 -10.0 10.0 0.0 0.0 0.0 0.0 0.0 
0 0.0 0.0 0.0 0.0 0.0 0.0 0.0 
0 0.0 0.0 0.0 0.0 0.0 0.0 0.0 
0 0.0 0.0 0.0 0.0 0.0 0.0 0.0 
0 0.0 0.0 0.0 0.0 0.0 0.0 0.0 
0 0.0 0.0 0.0 0.0 0.0 0.0 0.0 
0 -6.893237979958543 10.0 -3.1067620200414567 0.0 0.0 0.0 0.0 
0 -0.31954253670172617 1.6347065903799223 -0.2194872550757581 -0.2768468756959802 -0.2749576155814232 -0.16516182597810458 -0.37871048134692925 
0 -2.9838848668288542 2.9838848668288542 0.0 0.0 0.0 0.0 0.0 
0 0.0 4.924958427739787E-16 0.0 0.0 0.0 0.0 0.0 
0 0.0 0.0073140491515804006 -5.202362060945564E-5 0.0 -0.0026790076357244637 0.0 -0.004583017895246482 
0 0.0 0.0 0.0 0.0 0.0 0.0 0.0 
0 -0.14650440417012078 0.798927228558678 -0.10690821594784125 -0.1341809844487685 -0.15546535047142931 -0.08273084517220901 -0.1731374283483091 
0 0.0 10.0 -4.079855010091668 -5.698629083646644 0.0 -0.13669834491403393 -0.0848175613476631 
0 0.0 0.0 0.0 0.0 0.0 0.0 0.0 
0 -0.1467158782502494 0.7995808169310896 -0.10714740658079529 -0.1337500047664513 -0.15579089047993633 -0.08251916626820803 -0.17365747058545 
0 0.0 -9.443591410968793E-16 0.0 0.0 0.0 0.0 0.0 
0 0.0 0.0 0.0 0.0 0.0 0.0 0.0 
0 0.0 0.0 0.0 0.0 0.0 0.0 0.0 
0 0.0 0.09945760662581936 0.0 -0.025575339532265384 -0.0654174621749981 -0.008464804918555483 0.0 
0 0.0 0.0 0.0 0.0 0.0 0.0 0.0 
0 -0.14685147976461524 0.7998054171543229 -0.10701463540646962 -0.13395810854072424 -0.15574461553284136 -0.0826040727433592 -0.173632505166314 
0 0.0 10.0 0.0 0.0 0.0 -10.000000000000002 0.0 
0 0.0 10.0 -2.1046698495074803 0.0 -3.107732786445645 -4.787597364046857 0.0 
0 0.0 10.0 0.0 0.0 -9.999999999999995 0.0 0.0 
0 0.0 10.0 -9.999999999999998 0.0 0.0 0.0 0.0 
0 0.0 0.0 0.0 0.0 0.0 0.0 0.0 
0 0.0 10.0 0.0 0.0 0.0 0.0 -10.000000000000027 
0 0.0 0.0 0.0 0.0 0.0 0.0 0.0 
0 0.0 0.0 0.0 0.0 0.0 0.0 0.0 
0 0.0 0.0 0.0 0.0 0.0 0.0 0.0 
0 0.0 0.0 0.0 0.0 0.0 0.0 0.0 
0 0.0 10.0 0.0 0.0 -10.000000000000004 0.0 0.0 
0 0.0 0.0 0.0 0.0 0.0 0.0 0.0 
0 -6.000485842746671 10.0 0.0 -3.999514157253326 0.0 0.0 0.0 
0 0.0 0.0 0.0 0.0 0.0 0.0 0.0 
0 -0.14686362494823116 0.7998265511696244 -0.10691422775884049 -0.13396972823879358 -0.15580205391564061 -0.08269526646113928 -0.17358164984697994 
0 -0.002426068493941792 0.0024260684939406024 0.0 0.0 0.0 0.0 0.0 
0 -0.11634434872618692 0.601027150829762 -0.08820817694685117 -0.08581979435898525 -0.12627393189580785 -0.03553359892257586 -0.14884729997935292 
0 -0.14689786453950776 0.8000040508403724 -0.10713109716209598 -0.13382520988246127 -0.15582647741726663 -0.08272240583627699 -0.17360099600276346 
0 -0.14723854715224702 0.8003558158668105 -0.10690542646147703 -0.13393432171683348 -0.15574026625933438 -0.08259052394863423 -0.17394673032828567 
0 0.0 5.611412258974474E-15 0.0 0.0 0.0 0.0 0.0 
0 0.0 10.0 -10.000000000000007 0.0 0.0 0.0 0.0 
0 -0.8467403088741103 3.8199352876210693 -0.20368073244170648 -2.769514246305255 0.0 0.0 0.0 
0 0.0 0.0 0.0 0.0 0.0 0.0 0.0 
0 -0.00671713962706019 0.02456568201117086 -0.0011849033121625427 -0.0049273953887061395 -0.0034148138414976607 -0.00448319781086762 -0.0038382320308755166 
0 0.0 10.0 -9.999999999999998 0.0 0.0 0.0 0.0 
0 0.0 0.0 0.0 0.0 0.0 0.0 0.0 
0 0.0 7.597289278735728E-16 0.0 0.0 0.0 0.0 0.0 
0 0.0 0.0 0.0 0.0 0.0 0.0 0.0 
0 -0.8197560196471864 5.696450956715924 -0.396296693585276 -1.3012748378947563 -1.161448960057688 -0.7180385153775719 -1.2996359301534437 
0 -10.0 10.0 0.0 0.0 0.0 0.0 0.0 
0 0.0 0.0 0.0 0.0 0.0 0.0 0.0 
0 0.0 7.6572174677587395 0.0 0.0 0.0 0.0 -7.6572174677587395 
0 0.0 0.0 0.0 0.0 0.0 0.0 0.0 
0 0.0 10.0 -10.000000000000002 0.0 0.0 0.0 0.0 
0 0.0 0.0 0.0 0.0 0.0 0.0 0.0 
0 0.0 0.0 0.0 0.0 0.0 0.0 0.0 
0 0.0 10.0 0.0 0.0 0.0 -9.999999999999998 0.0 
0 -9.999999999999993 10.0 0.0 0.0 0.0 0.0 0.0 
0 0.0 0.0 0.0 0.0 0.0 0.0 0.0 
0 -0.2103247510117639 1.0593165571152778 -0.12624977723078998 -0.1821554292729299 -0.20891912456192846 -0.10240349769894184 -0.22926397733892337 
0 0.0 10.0 0.0 0.0 -9.999999999999998 0.0 0.0 
0 0.0 0.0 0.0 0.0 0.0 0.0 0.0 
0 0.0 2.3194145238763087E-16 0.0 0.0 0.0 0.0 0.0 
0 0.0 0.05764328141867077 0.0 -0.010321121205305591 -0.02095638194062981 0.0 -0.026365778272736562 
0 0.0 0.0 0.0 0.0 0.0 0.0 0.0 
0 0.0 0.0 0.0 0.0 0.0 0.0 0.0 
0 0.0 0.0 0.0 0.0 0.0 0.0 0.0 
0 0.0 0.0 0.0 0.0 0.0 0.0 0.0 
0 0.0 0.0 0.0 0.0 0.0 0.0 0.0 
0 0.0 0.0 0.0 0.0 0.0 0.0 0.0 
0 0.0 0.0 0.0 0.0 0.0 0.0 0.0 
0 0.0 0.0 0.0 0.0 0.0 0.0 0.0 
0 0.0 0.0 0.0 0.0 0.0 0.0 0.0 
0 0.0 0.0 0.0 0.0 0.0 0.0 0.0 
0 -0.12207440937751148 0.6157393920620675 -0.09610305317327072 -0.09286829406176811 -0.12305973670826816 -0.040609358642512396 -0.14102454009873625 
0 0.0 0.0 0.0 0.0 0.0 0.0 0.0 
0 0.0 0.0 0.0 0.0 0.0 0.0 0.0 
0 0.0 0.0 0.0 0.0 0.0 0.0 0.0 
0 0.0 0.0 0.0 0.0 0.0 0.0 0.0 
0 0.0 0.0 0.0 0.0 0.0 0.0 0.0 
0 -0.11975409945837213 0.6125160558913509 -0.0915526970017306 -0.08998842766473254 -0.1253586804572614 -0.046472399150404874 -0.13938975215884836 
0 -0.0035337752049150037 0.01211528970124599 0.0 -0.001967278295212862 -6.900071076122517E-4 0.0 -0.005924229093505674 
0 0.0 10.0 0.0 0.0 0.0 -10.0 0.0 
0 0.0 10.0 0.0 0.0 0.0 -9.999999999999991 0.0 
0 0.0 0.0 0.0 0.0 0.0 0.0 0.0 
0 0.0 0.0 0.0 0.0 0.0 0.0 0.0 
0 0.0 0.0 0.0 0.0 0.0 0.0 0.0 
0 -10.000000000000007 10.0 0.0 0.0 0.0 0.0 0.0 
0 0.0 -2.3977993100069062E-15 0.0 0.0 0.0 0.0 0.0 
0 0.0 0.0 0.0 0.0 0.0 0.0 0.0 
0 0.0 10.0 -10.0 0.0 0.0 0.0 0.0 
0 0.0 7.965472439765071 0.0 -7.965472439765071 0.0 0.0 0.0 
0 0.0 10.0 0.0 0.0 0.0 0.0 -9.999999999999996 
0 0.0 3.5911860248150324E-15 0.0 0.0 0.0 0.0 0.0 
0 0.0 10.0 -9.999999999999996 0.0 0.0 0.0 0.0 
0 0.0 0.0 0.0 0.0 0.0 0.0 0.0 
0 0.0 10.0 0.0 0.0 0.0 -10.000000000000007 0.0 
0 0.0 0.0 0.0 0.0 0.0 0.0 0.0 
0 0.0 7.146847672545797 0.0 -7.146847672545784 0.0 0.0 0.0 
0 0.0 7.084081800504409E-16 0.0 0.0 0.0 0.0 0.0 
0 0.0 0.0 0.0 0.0 0.0 0.0 0.0 
0 0.0 0.0 0.0 0.0 0.0 0.0 0.0 
0 0.0 0.0 0.0 0.0 0.0 0.0 0.0 
0 0.0 0.0 0.0 0.0 0.0 0.0 0.0 
0 0.0 0.0 0.0 0.0 0.0 0.0 0.0 
0 0.0 0.0 0.0 0.0 0.0 0.0 0.0 
0 -0.3825648015471329 0.3825648015471315 0.0 0.0 0.0 0.0 0.0 
0 0.0 10.0 0.0 0.0 0.0 -9.999999999999998 0.0 
0 -0.1468249264862594 0.7998237131272176 -0.10711762606881504 -0.13388369136331357 -0.1558461192472436 -0.08259949290186963 -0.1735518570597143 
0 0.0 0.0 0.0 0.0 0.0 0.0 0.0 
0 -2.6292800640414953 10.0 -5.083959979277092 -0.4809527648076831 -0.8272994705585366 -0.4081040782123574 -0.5704036431028391 
0 0.0 0.0 0.0 0.0 0.0 0.0 0.0 
0 0.0 10.0 -3.0909166172167244 -4.101003947947905 0.0 -2.808079434835373 0.0 
0 -0.37174893402014425 1.8905742828520558 -0.28665025772546215 -0.2991751797862525 -0.32962375748564304 -0.2580249850254572 -0.34535116880909533 
0 0.0 0.0 0.0 0.0 0.0 0.0 0.0 
0 0.0 0.0 0.0 0.0 0.0 0.0 0.0 
0 0.0 0.6855718563214316 0.0 0.0 -0.6855718563214316 0.0 0.0 
0 0.0 10.0 0.0 -9.999999999999982 0.0 0.0 0.0 
0 0.0 0.0 0.0 0.0 0.0 0.0 0.0 
0 0.0 0.0 0.0 0.0 0.0 0.0 0.0 
0 0.0 0.0 0.0 0.0 0.0 0.0 0.0 
0 0.0 0.0 0.0 0.0 0.0 0.0 0.0 
0 0.0 10.0 0.0 -9.055090693248848 -0.9449093067511504 0.0 0.0 
0 -0.3752184417695772 1.1023605300737782 -0.2759461378459608 0.0 -0.45119595045823907 0.0 0.0 
0 0.0 3.6433768690995203 0.0 0.0 -3.643376869099525 0.0 0.0 
0 0.0 0.0 0.0 0.0 0.0 0.0 0.0 
0 0.0 0.0 0.0 0.0 0.0 0.0 0.0 
0 0.0 0.0 0.0 0.0 0.0 0.0 0.0 
0 0.0 10.0 0.0 -10.000000000000005 0.0 0.0 0.0 
0 0.0 0.0 0.0 0.0 0.0 0.0 0.0 
0 0.0 0.0 0.0 0.0 0.0 0.0 0.0 
0 0.0 0.0 0.0 0.0 0.0 0.0 0.0 
0 0.0 0.6387357170084721 0.0 0.0 0.0 -0.11034733771237479 -0.5283883792960973 
0 -0.14672394103260286 0.7994643484198604 -0.10699033900224436 -0.13383846656756535 -0.15574614581972476 -0.08263131150840608 -0.1735341444893161 
0 -0.14660282332516467 0.7993374936336597 -0.10717539256005998 -0.13388784019775624 -0.15560928374943134 -0.08259249239618371 -0.17346966140506484 
0 -0.1467649558883027 0.7994988196543371 -0.10683175481178799 -0.13399341284627056 -0.15562371005862577 -0.0826855814905338 -0.17359940455881584 
0 0.0 0.13444009707252813 0.0 0.0 0.0 0.0 -0.1344400970725289 
0 0.0 0.0 0.0 0.0 0.0 0.0 0.0 
0 -9.999999999999998 10.0 0.0 0.0 0.0 0.0 0.0 
0 0.0 0.0 0.0 0.0 0.0 0.0 0.0 
0 0.0 0.0 0.0 0.0 0.0 0.0 0.0 
0 0.0 0.0 0.0 0.0 0.0 0.0 0.0 
0 -0.14660840323602778 0.7991794069286885 -0.10682411848248807 -0.13404137023090684 -0.15564853828914593 -0.08269698652074366 -0.17335999016937623 
0 0.0 0.0 0.0 0.0 0.0 0.0 0.0 
4 0.0 0.0 0.0 0.0 0.0 0.0 0.0 
4 0.0 0.0 0.0 0.0 0.0 0.0 0.0 
4 0.0 0.0 -4.101566034514708E-15 0.0 0.0 0.0 0.0 
4 0.0 0.0 0.0 0.0 0.0 0.0 0.0 
4 0.0 0.0 10.0 -10.000000000000005 0.0 0.0 0.0 
4 0.0 0.0 10.0 0.0 0.0 -9.999999999999991 0.0 
4 0.0 -10.000000000000002 10.0 0.0 0.0 0.0 0.0 
4 -10.000000000000002 0.0 10.0 0.0 0.0 0.0 0.0 
4 0.0 0.0 10.0 0.0 0.0 0.0 -9.99999999999998 
4 0.0 0.0 0.0 0.0 0.0 0.0 0.0 
4 0.0 0.0 -6.005285365613966E-15 0.0 0.0 0.0 0.0 
4 0.0 0.0 0.0 0.0 0.0 0.0 0.0 
4 0.0 0.0 10.0 -5.413722201435837 -4.58627779856415 0.0 0.0 
4 0.0 -6.3282158312785155 10.0 0.0 -3.6717841687214823 0.0 0.0 
4 0.0 0.0 10.0 -9.99999999999999 0.0 0.0 0.0 
4 0.0 0.0 10.0 0.0 0.0 -9.999999999999998 0.0 
4 0.0 0.0 0.0 0.0 0.0 0.0 0.0 
4 0.0 -9.999999999999995 10.0 0.0 0.0 0.0 0.0 
4 0.0 -10.000000000000007 10.0 0.0 0.0 0.0 0.0 
4 -3.206497028939879 0.0 3.206497028939879 0.0 0.0 0.0 0.0 
4 0.0 0.0 0.0 0.0 0.0 0.0 0.0 
4 0.0 0.0 0.0 0.0 0.0 0.0 0.0 
4 0.0 -5.816094601974479 10.0 0.0 0.0 0.0 -4.183905398025522 
4 0.0 -7.5475805259303375 9.033034780751178 -0.8804114468722303 0.0 -0.6050428079486068 0.0 
4 0.0 0.0 10.0 0.0 -9.999999999999996 0.0 0.0 
4 0.0 0.0 0.0 0.0 0.0 0.0 0.0 
4 0.0 0.0 10.0 0.0 0.0 0.0 -10.000000000000007 
4 0.0 0.0 10.0 0.0 -10.000000000000009 0.0 0.0 
4 0.0 0.0 10.0 0.0 0.0 0.0 -10.000000000000002 
4 0.0 0.0 10.0 0.0 -10.000000000000009 0.0 0.0 
4 0.0 0.0 10.0 0.0 -10.000000000000007 0.0 0.0 
4 0.0 0.0 0.0 0.0 0.0 0.0 0.0 
4 -1.479590191052019 -2.745126455671684 8.622016232390331 -3.136526120477882 -1.2607734651887517 0.0 0.0 
4 0.0 0.0 0.0 0.0 0.0 0.0 0.0 
4 0.0 0.0 10.0 0.0 -9.999999999999982 0.0 0.0 
4 -0.32524901993750893 -0.32527068990421554 7.093407090757323 0.0 -4.078765945831176 -0.149414709772394 -2.214706725312031 
4 -1.0836467385150157 0.0 1.0951651010487313 -0.011518362533718617 0.0 0.0 0.0 
4 0.0 0.0 1.2742352754277846E-14 0.0 0.0 0.0 0.0 
4 0.0 0.0 10.0 0.0 0.0 -9.999999999999998 0.0 
4 0.0 0.0 10.0 0.0 0.0 -10.0 0.0 
4 0.0 0.0 0.0 0.0 0.0 0.0 0.0 
4 0.0 -10.000000000000016 10.0 0.0 0.0 0.0 0.0 
4 0.0 -10.000000000000005 10.0 0.0 0.0 0.0 0.0 
4 0.0 -10.00000000000001 10.0 0.0 0.0 0.0 0.0 
4 0.0 -4.981870058976782 4.981870058976782 0.0 0.0 0.0 0.0 
4 0.0 0.0 0.0 0.0 0.0 0.0 0.0 
4 0.0 0.0 1.3830733033740563E-15 0.0 0.0 0.0 0.0 
4 0.0 0.0 10.0 0.0 0.0 0.0 -10.000000000000023 
4 0.0 0.0 0.0 0.0 0.0 0.0 0.0 
4 0.0 0.0 0.0 0.0 0.0 0.0 0.0 
4 0.0 -9.999999999999991 10.0 0.0 0.0 0.0 0.0 
4 0.0 -9.999999999999993 10.0 0.0 0.0 0.0 0.0 
4 0.0 0.0 10.0 0.0 0.0 0.0 -10.000000000000012 
4 -4.217298060863469 -5.782701939136544 10.0 0.0 0.0 0.0 0.0 
4 0.0 0.0 -1.0158769266003836E-15 0.0 0.0 0.0 0.0 
4 0.0 -10.000000000000009 10.0 0.0 0.0 0.0 0.0 
4 0.0 0.0 -9.538188041408237E-15 0.0 0.0 0.0 0.0 
4 0.0 0.0 4.81871295901569 0.0 0.0 -4.818712959015679 0.0 
4 0.0 0.0 0.0 0.0 0.0 0.0 0.0 
4 0.0 0.0 0.4927826162454292 0.0 -0.49278261624542824 0.0 0.0 
4 0.0 0.0 0.0 0.0 0.0 0.0 0.0 
4 0.0 0.0 0.0 0.0 0.0 0.0 0.0 
4 0.0 0.0 0.0 0.0 0.0 0.0 0.0 
4 0.0 0.0 0.0 0.0 0.0 0.0 0.0 
4 0.0 0.0 0.0 0.0 0.0 0.0 0.0 
4 0.0 0.0 10.0 0.0 0.0 0.0 -9.999999999999998 
4 0.0 0.0 0.0 0.0 0.0 0.0 0.0 
4 0.0 0.0 0.0 0.0 0.0 0.0 0.0 
4 0.0 -9.999999999999982 10.0 0.0 0.0 0.0 0.0 
4 0.0 0.0 10.0 0.0 -9.999999999999995 0.0 0.0 
4 -1.702915477646744 -3.695022869400969 8.244729090675547 -1.0244051436428316 -0.9941941720042188 -0.5629241507037098 -0.26526727727706095 
4 0.0 0.0 10.0 0.0 -10.000000000000012 0.0 0.0 
4 0.0 -10.000000000000007 10.0 0.0 0.0 0.0 0.0 
4 -10.000000000000002 0.0 10.0 0.0 0.0 0.0 0.0 
4 0.0 0.0 10.0 0.0 -8.719749331415036 0.0 -1.2802506685849686 
4 0.0 -7.47537696254912 10.0 0.0 0.0 -2.524623037450874 0.0 
4 -9.999999999999988 0.0 10.0 0.0 0.0 0.0 0.0 
4 0.0 -10.000000000000004 10.0 0.0 0.0 0.0 0.0 
4 0.0 0.0 0.0 0.0 0.0 0.0 0.0 
4 0.0 0.0 10.0 0.0 0.0 0.0 -10.000000000000028 
4 0.0 0.0 8.172942856312133 -1.1179107274558169 0.0 -7.0550321288563 0.0 
4 0.0 -10.000000000000002 10.0 0.0 0.0 0.0 0.0 
4 0.0 0.0 10.0 -0.14245173048958204 0.0 0.0 -9.857548269510403 
4 0.0 0.0 0.0 0.0 0.0 0.0 0.0 
4 0.0 0.0 10.0 0.0 0.0 0.0 -9.999999999999998 
4 0.0 0.0 10.0 0.0 -9.999999999999993 0.0 0.0 
4 -0.666529729024079 0.0 3.6578908247826383 -0.4381929223816807 -0.9746371118056438 -0.8868728933192271 -0.6916581682520102 
4 0.0 0.0 10.0 0.0 0.0 -10.000000000000005 0.0 
4 0.0 0.0 10.0 0.0 0.0 0.0 -9.999999999999995 
4 0.0 0.0 10.0 0.0 -10.000000000000002 0.0 0.0 
4 -0.18318799304075092 -0.11906807194158864 0.9297621020772177 -0.1699213336127644 -0.1667683190525105 -0.16423508101280104 -0.12658130341680368 
4 0.0 0.0 10.0 0.0 -9.99999999999999 0.0 0.0 
4 0.0 0.0 10.0 0.0 0.0 -10.000000000000027 0.0 
4 0.0 0.0 1.1618431531272827E-15 0.0 0.0 0.0 0.0 
4 -0.25903822614281397 0.0 3.0751682558284674 0.0 -0.05032733172092649 -0.6853455065087325 -2.0804571914559924 
4 0.0 -10.000000000000009 10.0 0.0 0.0 0.0 0.0 
4 0.0 0.0 10.0 0.0 0.0 -9.999999999999984 0.0 
4 0.0 -9.999999999999998 10.0 0.0 0.0 0.0 0.0 
4 0.0 0.0 10.0 0.0 0.0 0.0 -10.000000000000028 
4 0.0 0.0 10.0 0.0 0.0 -10.000000000000005 0.0 
4 0.0 0.0 10.0 0.0 -7.8904759378225675 -2.1095240621774467 0.0 
4 0.0 0.0 0.0 0.0 0.0 0.0 0.0 
4 0.0 0.0 0.0 0.0 0.0 0.0 0.0 
4 0.0 0.0 10.0 0.0 0.0 -10.0 0.0 
4 0.0 0.0 0.0 0.0 0.0 0.0 0.0 
4 0.0 0.0 0.0 0.0 0.0 0.0 0.0 
4 0.0 0.0 0.0 0.0 0.0 0.0 0.0 
4 0.0 0.0 10.0 0.0 0.0 0.0 -10.000000000000025 
4 0.0 -9.999999999999998 10.0 0.0 0.0 0.0 0.0 
4 0.0 0.0 -1.0606603429976404E-15 0.0 0.0 0.0 0.0 
4 0.0 -10.000000000000002 10.0 0.0 0.0 0.0 0.0 
4 0.0 0.0 10.0 0.0 0.0 -10.000000000000007 0.0 
4 0.0 0.0 0.0 0.0 0.0 0.0 0.0 
4 0.0 0.0 9.498060016545992 0.0 -9.498060016545992 0.0 0.0 
4 0.0 0.0 10.0 -9.999999999999982 0.0 0.0 0.0 
4 0.0 -9.999999999999995 10.0 0.0 0.0 0.0 0.0 
4 0.0 0.0 10.0 0.0 0.0 -10.0 0.0 
4 -10.000000000000004 0.0 10.0 0.0 0.0 0.0 0.0 
4 0.0 0.0 1.1034688519059812E-15 0.0 0.0 0.0 0.0 
4 0.0 0.0 0.0 0.0 0.0 0.0 0.0 
4 0.0 -2.643918013386887 10.0 0.0 -4.555570562786502 -2.8005114238266025 0.0 
4 0.0 0.0 0.0 0.0 0.0 0.0 0.0 
4 0.0 0.0 0.0 0.0 0.0 0.0 0.0 
4 0.0 0.0 10.0 0.0 0.0 0.0 -10.000000000000007 
4 0.0 0.0 10.0 0.0 -10.000000000000016 0.0 0.0 
4 -10.000000000000004 0.0 10.0 0.0 0.0 0.0 0.0 
4 0.0 -10.000000000000012 10.0 0.0 0.0 0.0 0.0 
4 0.0 0.0 0.0 0.0 0.0 0.0 0.0 
4 0.0 0.0 10.0 -10.000000000000007 0.0 0.0 0.0 
4 0.0 0.0 0.0 0.0 0.0 0.0 0.0 
4 0.0 0.0 10.0 -9.999999999999973 0.0 0.0 0.0 
4 0.0 0.0 10.0 0.0 0.0 0.0 -9.999999999999979 
4 0.0 0.0 10.0 0.0 0.0 0.0 -10.000000000000007 
4 0.0 -10.0 10.0 0.0 0.0 0.0 0.0 
4 0.0 0.0 0.0 0.0 0.0 0.0 0.0 
4 0.0 0.0 1.1924219465594723 0.0 -1.1924219465594723 0.0 0.0 
4 0.0 0.0 0.0 0.0 0.0 0.0 0.0 
4 0.0 0.0 9.621295823981245E-16 0.0 0.0 0.0 0.0 
4 0.0 0.0 0.0 0.0 0.0 0.0 0.0 
4 0.0 0.0 10.0 0.0 -10.0 0.0 0.0 
4 0.0 -9.999999999999998 10.0 0.0 0.0 0.0 0.0 
4 0.0 -7.745781193192532 10.0 0.0 -0.7325378444147095 0.0 -1.5216809623927552 
4 0.0 0.0 10.0 0.0 0.0 0.0 -10.000000000000007 
4 0.0 0.0 0.0 0.0 0.0 0.0 0.0 
4 0.0 -8.001429902745341 10.0 0.0 -1.9985700972546587 0.0 0.0 
4 0.0 -10.000000000000002 10.0 0.0 0.0 0.0 0.0 
4 0.0 0.0 10.0 0.0 0.0 -10.000000000000004 0.0 
4 0.0 0.0 10.0 0.0 0.0 -0.42194071288201823 -9.578059287117984 
4 0.0 -5.985205813426388 10.0 0.0 0.0 0.0 -4.014794186573597 
4 0.0 0.0 -1.3483296256574205E-15 0.0 0.0 0.0 0.0 
4 -7.557756873518862 0.0 10.0 -2.442243126481148 0.0 0.0 0.0 
4 0.0 0.0 0.0 0.0 0.0 0.0 0.0 
4 0.0 0.0 10.0 0.0 -10.000000000000002 0.0 0.0 
4 0.0 -10.0 10.0 0.0 0.0 0.0 0.0 
4 0.0 0.0 10.0 0.0 0.0 0.0 -10.000000000000016 
4 0.0 0.0 1.076592458812716E-14 0.0 0.0 0.0 0.0 
4 -0.1521956897382868 -0.102471474425147 0.7868561227469268 -0.1376900279582268 -0.14740746914015415 -0.1343769086604078 -0.11271455282470574 
4 -2.8420081428303843 -1.1665716482868205 10.0 -4.674546050581862 -1.223754382360309 -0.0931197759406403 0.0 
4 0.0 -4.3342538199701295 10.0 -1.2915796662647434 -4.374166513765127 0.0 0.0 
4 0.0 0.0 0.0 0.0 0.0 0.0 0.0 
4 0.0 0.0 10.0 0.0 -10.0 0.0 0.0 
4 0.0 -5.656100614726797 10.0 0.0 0.0 -4.34389938527322 0.0 
4 0.0 0.0 0.0 0.0 0.0 0.0 0.0 
4 0.0 0.0 10.0 0.0 -9.999999999999995 0.0 0.0 
4 0.0 -10.0 10.0 0.0 0.0 0.0 0.0 
4 0.0 0.0 10.0 0.0 0.0 0.0 -10.000000000000034 
4 0.0 0.0 0.0 0.0 0.0 0.0 0.0 
4 0.0 0.0 0.0 0.0 0.0 0.0 0.0 
4 0.0 -9.999999999999995 10.0 0.0 0.0 0.0 0.0 
4 0.0 -9.07040845645592 10.0 -0.4583996345392467 0.0 -0.47119190900484653 0.0 
4 0.0 0.0 0.0 0.0 0.0 0.0 0.0 
4 0.0 -1.1682412897490662 2.7449347272225557 0.0 0.0 -1.3117866169950223 -0.26490682047846964 
4 0.0 0.0 0.0 0.0 0.0 0.0 0.0 
4 0.0 0.0 6.339140508192388 0.0 0.0 -6.339140508192388 0.0 
4 0.0 0.0 10.0 0.0 0.0 0.0 -10.000000000000004 
4 -0.20826654781093393 -8.195001636345829 10.0 -0.5032875159529485 -0.5805780615136124 -0.23407067680112612 -0.2787955615755491 
4 0.0 0.0 10.0 0.0 -10.000000000000002 0.0 0.0 
4 0.0 -9.999999999999996 10.0 0.0 0.0 0.0 0.0 
4 0.0 0.0 0.0 0.0 0.0 0.0 0.0 
4 0.0 -0.9529852424897274 10.0 0.0 0.0 -9.047014757510272 0.0 
4 0.0 0.0 10.0 0.0 -9.999999999999993 0.0 0.0 
4 0.0 0.0 0.0 0.0 0.0 0.0 0.0 
4 0.0 0.0 0.0 0.0 0.0 0.0 0.0 
4 0.0 0.0 0.0 0.0 0.0 0.0 0.0 
4 0.0 0.0 10.0 0.0 -9.999999999999986 0.0 0.0 
4 0.0 -10.000000000000005 10.0 0.0 0.0 0.0 0.0 
4 -0.9510527330477102 -0.5736424742123678 4.351816425282399 -0.7708815811392119 -0.6950596425146504 -0.5862955668650931 -0.7748844275033604 
4 -0.28232102816141413 -0.18097802065735352 1.4167989047856049 -0.2653124596292777 -0.250194109444633 -0.25292662472307076 -0.18506666216985754 
4 0.0 0.0 0.0 0.0 0.0 0.0 0.0 
4 0.0 0.0 2.963350097928822 0.0 -2.963350097928822 0.0 0.0 
4 0.0 0.0 10.0 0.0 0.0 0.0 -10.00000000000001 
4 0.0 0.0 10.0 0.0 -9.999999999999991 0.0 0.0 
4 0.0 0.0 0.044170799058999004 0.0 -0.044170799058999004 0.0 0.0 
4 -0.0021992765347360467 -0.019253735811093357 0.02634309625668486 -9.158642168026786E-4 -1.3105255124009027E-4 -0.0017894949473717546 -0.0020536721954389475 
4 0.0 0.0 0.0 0.0 0.0 0.0 0.0 
4 0.0 0.0 0.0 0.0 0.0 0.0 0.0 
4 0.0 -0.06329378347399763 0.06329378347399763 0.0 0.0 0.0 0.0 
4 0.0 0.0 0.0 0.0 0.0 0.0 0.0 
4 -9.999999999999998 0.0 10.0 0.0 0.0 0.0 0.0 
5 0.0 -9.999999999999993 0.0 10.0 0.0 0.0 0.0 
5 -9.999999999999991 0.0 0.0 10.0 0.0 0.0 0.0 
5 -5.3545737885570865 0.0 0.0 5.354573788557082 0.0 0.0 0.0 
5 0.0 0.0 0.0 0.0 0.0 0.0 0.0 
5 0.0 0.0 0.0 0.0 0.0 0.0 0.0 
5 0.0 0.0 0.0 10.0 -9.802784314857487 -0.19721568514251217 0.0 
5 0.0 0.0 0.0 -1.82099193404878E-14 0.0 0.0 0.0 
5 -1.0479745112621548 0.0 -4.921017370352953 10.0 0.0 -4.031008118384891 0.0 
5 0.0 0.0 0.0 0.0 0.0 0.0 0.0 
5 0.0 0.0 0.0 0.0 0.0 0.0 0.0 
5 0.0 0.0 0.0 10.0 0.0 -10.000000000000005 0.0 
5 0.0 0.0 0.0 0.0 0.0 0.0 0.0 
5 0.0 0.0 0.0 0.0 0.0 0.0 0.0 
5 -0.4753012919175958 -0.1884239519409596 -1.436258930562176 6.478232176899964 -1.2978466172961753 -1.3072898199902185 -1.7731115651928437 
5 0.0 0.0 0.0 0.0 0.0 0.0 0.0 
5 0.0 0.0 0.0 -2.7739021896435528E-15 0.0 0.0 0.0 
5 0.0 0.0 0.0 0.10958614880117601 0.0 0.0 -0.10958614880117601 
5 0.0 0.0 0.0 0.0 0.0 0.0 0.0 
5 -0.5181499614704316 0.0 -2.2853000151027296 10.0 0.0 -4.773939084002993 -2.4226109394238233 
5 0.0 0.0 0.0 0.0 0.0 0.0 0.0 
5 0.0 0.0 0.0 2.773661559944556E-15 0.0 0.0 0.0 
5 0.0 0.0 0.0 0.0 0.0 0.0 0.0 
5 -10.000000000000009 0.0 0.0 10.0 0.0 0.0 0.0 
5 0.0 0.0 0.0 0.0 0.0 0.0 0.0 
5 0.0 0.0 0.0 0.0 0.0 0.0 0.0 
5 0.0 0.0 0.0 0.0 0.0 0.0 0.0 
5 0.0 -10.000000000000032 0.0 10.0 0.0 0.0 0.0 
5 -9.999999999999973 0.0 0.0 10.0 0.0 0.0 0.0 
5 0.0 0.0 0.0 1.152459888712355 0.0 -1.152459888712355 0.0 
5 0.0 0.0 0.0 0.0 0.0 0.0 0.0 
5 0.0 -10.0 0.0 10.0 0.0 0.0 0.0 
5 0.0 0.0 0.0 1.1527878908930025 0.0 0.0 -1.1527878908930025 
5 0.0 -10.000000000000055 0.0 10.0 0.0 0.0 0.0 
5 -8.113794320004319 0.0 0.0 9.168342936016112 0.0 0.0 -1.0545486160118103 
5 -9.999999999999998 0.0 0.0 10.0 0.0 0.0 0.0 
5 0.0 0.0 0.0 0.0 0.0 0.0 0.0 
5 0.0 0.0 0.0 10.0 -10.000000000000005 0.0 0.0 
5 0.0 0.0 0.0 0.0 0.0 0.0 0.0 
5 0.0 0.0 0.0 10.0 -10.000000000000002 0.0 0.0 
5 0.0 0.0 0.0 0.0 0.0 0.0 0.0 
5 0.0 0.0 0.0 1.783155931044991E-14 0.0 0.0 0.0 
5 0.0 0.0 0.0 9.739507425084097E-16 0.0 0.0 0.0 
5 0.0 0.0 0.0 0.13707609976705343 0.0 0.0 -0.13707609976705343 
5 -10.000000000000004 0.0 0.0 10.0 0.0 0.0 0.0 
5 0.0 0.0 0.0 0.0 0.0 0.0 0.0 
5 0.0 0.0 0.0 0.0 0.0 0.0 0.0 
5 0.0 0.0 0.0 0.0 0.0 0.0 0.0 
5 0.0 0.0 0.0 0.0 0.0 0.0 0.0 
5 0.0 0.0 0.0 0.0 0.0 0.0 0.0 
5 0.0 0.0 0.0 10.0 0.0 0.0 -10.0 
5 -10.0 0.0 0.0 10.0 0.0 0.0 0.0 
5 0.0 0.0 0.0 0.0 0.0 0.0 0.0 
5 0.0 0.0 0.0 0.0 0.0 0.0 0.0 
5 0.0 0.0 0.0 0.0 0.0 0.0 0.0 
5 0.0 0.0 0.0 4.7176065497340245 0.0 -4.7176065497339925 0.0 
5 0.0 0.0 0.0 0.0 0.0 0.0 0.0 
5 -10.000000000000016 0.0 0.0 10.0 0.0 0.0 0.0 
5 0.0 -5.295179091675308 0.0 9.035993904104332 -3.740814812429026 0.0 0.0 
5 -0.13834744488915424 -0.1258649737949231 -0.16679508760588316 0.9801311453674697 -0.17736732192426727 -0.17979327181471008 -0.19196304533853026 
5 -10.00000000000001 0.0 0.0 10.0 0.0 0.0 0.0 
5 -10.000000000000007 0.0 0.0 10.0 0.0 0.0 0.0 
5 0.0 0.0 0.0 0.0 0.0 0.0 0.0 
5 0.0 -10.000000000000005 0.0 10.0 0.0 0.0 0.0 
5 0.0 0.0 0.0 0.0 0.0 0.0 0.0 
5 0.0 0.0 0.0 0.0 0.0 0.0 0.0 
5 0.0 0.0 0.0 0.0 0.0 0.0 0.0 
5 0.0 0.0 0.0 0.0 0.0 0.0 0.0 
5 0.0 0.0 0.0 0.0 0.0 0.0 0.0 
5 0.0 0.0 0.0 0.0 0.0 0.0 0.0 
5 0.0 0.0 -2.33680846739648 2.336808467396467 0.0 0.0 0.0 
5 0.0 0.0 0.0 0.0 0.0 0.0 0.0 
5 0.0 0.0 0.0 0.0 0.0 0.0 0.0 
5 -9.999999999999996 0.0 0.0 10.0 0.0 0.0 0.0 
5 0.0 0.0 0.0 0.0 0.0 0.0 0.0 
5 0.0 0.0 0.0 -2.7234182955241108E-15 0.0 0.0 0.0 
5 0.0 0.0 0.0 0.0 0.0 0.0 0.0 
5 0.0 0.0 0.0 0.0 0.0 0.0 0.0 
5 0.0 0.0 0.0 0.0 0.0 0.0 0.0 
5 0.0 0.0 0.0 10.0 0.0 0.0 -10.000000000000018 
5 0.0 0.0 0.0 0.0 0.0 0.0 0.0 
5 0.0 0.0 0.0 10.0 -10.000000000000012 0.0 0.0 
5 0.0 0.0 0.0 0.0 0.0 0.0 0.0 
5 0.0 0.0 0.0 0.0 0.0 0.0 0.0 
5 0.0 0.0 0.0 0.0 0.0 0.0 0.0 
5 0.0 0.0 0.0 0.0 0.0 0.0 0.0 
5 -2.602065880489824 0.0 0.0 10.0 0.0 -7.397934119510171 0.0 
5 0.0 0.0 0.0 0.0 0.0 0.0 0.0 
5 0.0 0.0 0.0 0.0 0.0 0.0 0.0 
5 0.0 0.0 0.0 0.0 0.0 0.0 0.0 
5 0.0 0.0 0.0 0.0 0.0 0.0 0.0 
5 0.0 0.0 0.0 0.0 0.0 0.0 0.0 
5 -10.000000000000002 0.0 0.0 10.0 0.0 0.0 0.0 
5 -4.531344509757671 0.0 0.0 4.531344509757671 0.0 0.0 0.0 
5 -0.05131767933007755 -0.3618457511270091 -0.4245244465122136 1.3562491612326648 -0.08674165003297189 -0.41392003393452714 -0.017899600295867527 
5 0.0 0.0 0.0 0.0 0.0 0.0 0.0 
5 0.0 0.0 0.0 10.0 -9.999999999999996 0.0 0.0 
5 -9.999999999999998 0.0 0.0 10.0 0.0 0.0 0.0 
5 0.0 0.0 0.0 0.0 0.0 0.0 0.0 
5 0.0 0.0 0.0 10.0 0.0 0.0 -9.999999999999995 
5 0.0 0.0 0.0 0.0 0.0 0.0 0.0 
5 0.0 0.0 0.0 0.0 0.0 0.0 0.0 
5 -0.1385354079400213 -0.12557549133042925 -0.16681242234037996 0.9802306337296924 -0.17739745160105969 -0.17978788808382468 -0.19212197243397638 
5 0.0 0.0 0.0 0.0 0.0 0.0 0.0 
5 0.0 0.0 0.0 0.0 0.0 0.0 0.0 
5 -6.396026752113781 -3.6039732478862194 0.0 10.0 0.0 0.0 0.0 
5 0.0 0.0 0.0 0.0 0.0 0.0 0.0 
5 0.0 0.0 0.0 0.0 0.0 0.0 0.0 
5 0.0 0.0 0.0 0.0 0.0 0.0 0.0 
5 0.0 0.0 0.0 0.0 0.0 0.0 0.0 
5 0.0 0.0 0.0 0.0 0.0 0.0 0.0 
5 0.0 0.0 0.0 0.0 0.0 0.0 0.0 
5 0.0 0.0 0.0 0.0 0.0 0.0 0.0 
5 -0.1385655779149612 -0.12559719091748742 -0.1668486079599723 0.9803349276479649 -0.17745572057800924 -0.1797313989008629 -0.19213643137667125 
5 -10.000000000000025 0.0 0.0 10.0 0.0 0.0 0.0 
5 0.0 -9.999999999999995 0.0 10.0 0.0 0.0 0.0 
5 0.0 0.0 -5.385296929213972 7.63015312204535 0.0 -2.2448561928313944 0.0 
5 0.0 -9.999999999999975 0.0 10.0 0.0 0.0 0.0 
5 0.0 0.0 -10.000000000000007 10.0 0.0 0.0 0.0 
5 0.0 0.0 -3.246469963855078 10.0 -5.942139017417667 -0.8113910187272632 0.0 
5 0.0 0.0 0.0 0.0 0.0 0.0 0.0 
5 -0.025648724715618344 -0.6572243384112919 -0.22428765541531723 1.768883258260411 -0.6198913525816493 -0.08319656316594026 -0.15863462397056094 
5 0.0 0.0 0.0 0.0 0.0 0.0 0.0 
5 0.0 0.0 0.0 0.0 0.0 0.0 0.0 
5 0.0 0.0 0.0 0.0 0.0 0.0 0.0 
5 0.0 0.0 0.0 0.0 0.0 0.0 0.0 
5 0.0 0.0 0.0 0.0 0.0 0.0 0.0 
5 0.0 0.0 0.0 0.0 0.0 0.0 0.0 
5 0.0 0.0 0.0 0.0 0.0 0.0 0.0 
5 0.0 0.0 0.0 0.0 0.0 0.0 0.0 
5 0.0 0.0 0.0 0.0 0.0 0.0 0.0 
5 0.0 0.0 0.0 0.0 0.0 0.0 0.0 
5 -1.7275071582966408 0.0 0.0 10.0 0.0 -4.674278004542577 -3.5982148371608136 
5 0.0 -5.306297934003825 -4.693702065996148 10.0 0.0 0.0 0.0 
5 0.0 0.0 0.0 0.0 0.0 0.0 0.0 
5 0.0 0.0 0.0 0.0 0.0 0.0 0.0 
5 0.0 0.0 0.0 0.0 0.0 0.0 0.0 
5 0.0 0.0 -10.000000000000002 10.0 0.0 0.0 0.0 
5 0.0 -10.0 0.0 10.0 0.0 0.0 0.0 
5 0.0 0.0 0.0 10.0 -5.360025980887323 -4.639974019112696 0.0 
5 0.0 0.0 0.0 0.0 0.0 0.0 0.0 
5 0.0 -9.999999999999995 0.0 10.0 0.0 0.0 0.0 
5 0.0 0.0 0.0 0.0 0.0 0.0 0.0 
5 0.0 0.0 0.0 0.0 0.0 0.0 0.0 
5 0.0 0.0 0.0 0.0 0.0 0.0 0.0 
5 -0.673700742038293 0.0 -9.326299257961715 10.0 0.0 0.0 0.0 
5 0.0 0.0 0.0 0.0 0.0 0.0 0.0 
5 0.0 0.0 0.0 0.0 0.0 0.0 0.0 
5 0.0 0.0 0.0 0.0 0.0 0.0 0.0 
5 0.0 0.0 0.0 0.0 0.0 0.0 0.0 
5 0.0 0.0 0.0 0.0 0.0 0.0 0.0 
5 0.0 0.0 0.0 0.0 0.0 0.0 0.0 
5 0.0 -9.999999999999996 0.0 10.0 0.0 0.0 0.0 
5 0.0 0.0 0.0 0.42096806908496215 -0.26654672401192514 0.0 -0.1544213450730388 
5 0.0 0.0 0.0 0.0 0.0 0.0 0.0 
5 0.0 0.0 0.0 0.0 0.0 0.0 0.0 
5 0.0 0.0 0.0 0.0 0.0 0.0 0.0 
5 0.0 0.0 0.0 0.0 0.0 0.0 0.0 
5 0.0 0.0 0.0 0.0 0.0 0.0 0.0 
5 0.0 0.0 0.0 0.0 0.0 0.0 0.0 
5 0.0 0.0 0.0 0.0 0.0 0.0 0.0 
5 0.0 0.0 0.0 -2.8004436980331744E-14 0.0 0.0 0.0 
5 0.0 0.0 0.0 -3.555250822340368E-15 0.0 0.0 0.0 
5 0.0 0.0 0.0 0.0 0.0 0.0 0.0 
5 0.0 0.0 -0.05138858321446681 10.0 0.0 -0.08893105325920611 -9.85968036352637 
5 0.0 0.0 0.0 0.0 0.0 0.0 0.0 
5 0.0 0.0 0.0 0.0 0.0 0.0 0.0 
5 -0.21205978597368197 0.0 -0.6844624265862382 10.0 -7.672541439409802 -0.26252232247078044 -1.1684140255594997 
5 0.0 0.0 0.0 0.0 0.0 0.0 0.0 
5 0.0 0.0 0.0 0.0 0.0 0.0 0.0 
5 0.0 -1.101892473708503 0.0 1.101892473708503 0.0 0.0 0.0 
5 0.0 0.0 0.0 0.0 0.0 0.0 0.0 
5 0.0 0.0 0.0 10.0 -10.000000000000002 0.0 0.0 
5 0.0 0.0 0.0 10.0 -9.999999999999998 0.0 0.0 
5 0.0 -10.0 0.0 10.0 0.0 0.0 0.0 
5 0.0 0.0 0.0 0.0 0.0 0.0 0.0 
5 -0.34366363379916576 -0.5474051683368985 -1.094098460487337 5.064489525247743 -1.0894130115151475 -0.9329784351846626 -1.0569308159245456 
5 0.0 -9.999999999999996 0.0 10.0 0.0 0.0 0.0 
5 0.0 0.0 -4.872417910239902 4.872417910239902 0.0 0.0 0.0 
5 0.0 0.0 0.0 0.0 0.0 0.0 0.0 
5 0.0 -4.5566905580395165 0.0 10.0 0.0 0.0 -5.443309441960482 
5 0.0 -10.000000000000004 0.0 10.0 0.0 0.0 0.0 
5 0.0 0.0 0.0 0.0 0.0 0.0 0.0 
5 -10.000000000000004 0.0 0.0 10.0 0.0 0.0 0.0 
5 0.0 0.0 0.0 0.0 0.0 0.0 0.0 
5 0.0 0.0 -10.000000000000009 10.0 0.0 0.0 0.0 
5 0.0 0.0 0.0 0.0 0.0 0.0 0.0 
5 -10.0 0.0 0.0 10.0 0.0 0.0 0.0 
5 0.0 0.0 0.0 0.0 0.0 0.0 0.0 
5 0.0 0.0 0.0 0.0 0.0 0.0 0.0 
5 0.0 0.0 0.0 0.0 0.0 0.0 0.0 
5 0.0 0.0 0.0 0.0 0.0 0.0 0.0 
5 0.0 0.0 0.0 0.0 0.0 0.0 0.0 
5 0.0 0.0 0.0 0.0 0.0 0.0 0.0 
5 0.0 0.0 0.0 0.0 0.0 0.0 0.0 
5 0.0 0.0 0.0 0.0 0.0 0.0 0.0 
5 0.0 0.0 0.0 0.0 0.0 0.0 0.0 
5 0.0 0.0 0.0 0.0 0.0 0.0 0.0 
5 0.0 -9.999999999999982 0.0 10.0 0.0 0.0 0.0 
5 -10.000000000000005 0.0 0.0 10.0 0.0 0.0 0.0 
5 0.0 0.0 0.0 0.0 0.0 0.0 0.0 
5 0.0 0.0 0.0 0.0 0.0 0.0 0.0 
5 -1.496873216381651E-4 0.0 -0.009192444687203528 0.019861107903905714 -6.918844090238556E-4 -0.00607335714481051 -0.003753734341230648 
5 0.0 0.0 0.0 0.0 0.0 0.0 0.0 
5 0.0 0.0 0.0 0.0 0.0 0.0 0.0 
5 0.0 0.0 0.0 0.0 0.0 0.0 0.0 
5 0.0 0.0 0.0 0.0 0.0 0.0 0.0 
5 0.0 0.0 0.0 0.0 0.0 0.0 0.0 
5 0.0 -9.999999999999984 0.0 10.0 0.0 0.0 0.0 
5 0.0 0.0 0.0 0.0 0.0 0.0 0.0 
5 0.0 0.0 0.0 0.0 0.0 0.0 0.0 
5 0.0 0.0 0.0 0.0 0.0 0.0 0.0 
5 0.0 0.0 0.0 0.0 0.0 0.0 0.0 
5 0.0 0.0 0.0 0.0 0.0 0.0 0.0 
5 0.0 -9.999999999999993 0.0 10.0 0.0 0.0 0.0 
5 0.0 0.0 0.0 0.0 0.0 0.0 0.0 
5 -4.663487884334633 0.0 -5.3365121156653474 10.0 0.0 0.0 0.0 
5 -9.999999999999995 0.0 0.0 10.0 0.0 0.0 0.0 
5 0.0 0.0 0.0 -9.359170030472935E-16 0.0 0.0 0.0 
5 0.0 0.0 0.0 0.0 0.0 0.0 0.0 
5 0.0 0.0 -9.99999999999999 10.0 0.0 0.0 0.0 
5 -0.13833616222061249 -0.12582508732769823 -0.16685300915214038 0.9803687236740145 -0.17743707275838208 -0.17987703470893399 -0.19204035750624818 
5 0.0 0.0 0.0 0.23167655195419748 -0.06081487433028977 -0.1275015412955751 -0.043360136328331786 
5 -0.10357697337136028 -0.08982728973187507 -0.13037374452111192 0.7622694624866416 -0.14955421926619655 -0.1339982367951428 -0.15493899880095707 
5 0.0 0.0 0.0 0.0 0.0 0.0 0.0 
5 -5.564219702768191 -3.7330904987870945 -0.5766082101461266 10.0 0.0 0.0 -0.12608158829861363 
5 0.0 0.0 0.0 0.0 0.0 0.0 0.0 
5 0.0 -9.999999999999995 0.0 10.0 0.0 0.0 0.0 
5 0.0 0.0 0.0 7.8439338014163065 -2.488090166616202 -2.9958287786064806 -2.3600148561936654 
5 0.0 0.0 0.0 0.0 0.0 0.0 0.0 
5 0.0 0.0 0.0 10.0 -10.0 0.0 0.0 
5 0.0 0.0 0.0 0.0 0.0 0.0 0.0 
5 0.0 0.0 0.0 0.0 0.0 0.0 0.0 
5 0.0 0.0 0.0 0.0 0.0 0.0 0.0 
5 0.0 0.0 0.0 0.0 0.0 0.0 0.0 
5 0.0 -10.00000000000004 0.0 10.0 0.0 0.0 0.0 
5 0.0 0.0 0.0 0.0 0.0 0.0 0.0 
5 0.0 -10.000000000000009 0.0 10.0 0.0 0.0 0.0 
5 0.0 0.0 0.0 0.0 0.0 0.0 0.0 
5 0.0 0.0 0.0 0.0 0.0 0.0 0.0 
6 0.0 0.0 -9.999999999999998 0.0 10.0 0.0 0.0 
6 -2.0393245626220957 -2.3219652493308565 -3.0029272883059868 -0.8595114060549658 10.0 0.0 -1.7762714936860917 
6 0.0 0.0 0.0 0.0 0.0 0.0 0.0 
6 0.0 -10.000000000000002 0.0 0.0 10.0 0.0 0.0 
6 0.0 0.0 0.0 0.0 0.0 0.0 0.0 
6 -0.34633572585253103 -0.30034928696487684 -0.40947731935013126 -0.47724772679852795 2.4193558434849556 -0.5407650761925046 -0.34518070832638575 
6 0.0 0.0 0.0 0.0 2.161047275155179E-15 0.0 0.0 
6 -4.482800450291697 0.0 0.0 0.0 10.0 -5.51719954970831 0.0 
6 0.0 0.0 0.0 0.0 0.0 0.0 0.0 
6 0.0 -4.62399908730455 -5.376000912695401 0.0 10.0 0.0 0.0 
6 0.0 0.0 0.0 0.0 0.0 0.0 0.0 
6 0.0 0.0 -7.942726701899494 0.0 10.0 0.0 -2.0572732981005273 
6 0.0 0.0 0.0 0.0 3.063067459916678E-15 0.0 0.0 
6 0.0 0.0 0.0 0.0 0.0 0.0 0.0 
6 0.0 0.0 0.0 0.0 0.0 0.0 0.0 
6 0.0 -5.775224063093764 -4.224775936906283 0.0 10.0 0.0 0.0 
6 0.0 -10.000000000000002 0.0 0.0 10.0 0.0 0.0 
6 0.0 0.0 0.0 -1.719974445208459 10.0 0.0 -8.280025554791525 
6 0.0 0.0 0.0 0.0 10.0 -9.999999999999995 0.0 
6 0.0 0.0 0.0 0.0 10.0 0.0 -9.999999999999972 
6 0.0 0.0 0.0 0.0 0.0 0.0 0.0 
6 0.0 0.0 -9.999999999999998 0.0 10.0 0.0 0.0 
6 0.0 0.0 0.0 0.0 10.0 0.0 -10.000000000000014 
6 0.0 -9.1836533727672 0.0 0.0 10.0 0.0 -0.8163466272327815 
6 -9.99999999999998 0.0 0.0 0.0 10.0 0.0 0.0 
6 0.0 0.0 -9.999999999999996 0.0 10.0 0.0 0.0 
6 0.0 0.0 -10.000000000000034 0.0 10.0 0.0 0.0 
6 -1.902904867817607 -8.097095132182416 0.0 0.0 10.0 0.0 0.0 
6 0.0 0.0 0.0 0.0 10.0 0.0 -9.999999999999986 
6 0.0 0.0 0.0 0.0 0.0 0.0 0.0 
6 -3.5303884870636164 0.0 0.0 0.0 4.595363327023434 -1.0649748399598211 0.0 
6 0.0 0.0 0.0 0.0 0.0 0.0 0.0 
6 0.0 -7.964349687805784E-4 -0.060274677356599755 0.0 0.061071112325377194 0.0 0.0 
6 0.0 0.0 0.0 0.0 0.0 0.0 0.0 
6 0.0 0.0 0.0 0.0 0.0 0.0 0.0 
6 0.0 0.0 0.0 0.0 0.0 0.0 0.0 
6 0.0 0.0 0.0 0.0 0.0 0.0 0.0 
6 0.0 0.0 0.0 0.0 0.0 0.0 0.0 
6 0.0 0.0 0.0 0.0 0.0 0.0 0.0 
6 0.0 -1.3893712343293627 0.0 0.0 1.3893712343293627 0.0 0.0 
6 0.0 0.0 -10.000000000000018 0.0 10.0 0.0 0.0 
6 0.0 0.0 0.0 -9.999999999999996 10.0 0.0 0.0 
6 0.0 -5.3709858361146 -4.629014163885445 0.0 10.0 0.0 0.0 
6 0.0 0.0 0.0 0.0 4.36419069605974E-15 0.0 0.0 
6 0.0 -0.7251323023204581 0.0 0.0 0.7251323023204581 0.0 0.0 
6 0.0 0.0 0.0 0.0 0.0 0.0 0.0 
6 0.0 0.0 0.0 0.0 -1.224614377757539E-15 0.0 0.0 
6 0.0 0.0 0.0 0.0 0.0 0.0 0.0 
6 0.0 0.0 0.0 0.0 0.0 0.0 0.0 
6 0.0 0.0 0.0 0.0 0.0 0.0 0.0 
6 0.0 -0.8430383602580744 -0.9340418606608271 0.0 2.2082212482826904 -0.4311410273637888 0.0 
6 0.0 0.0 -2.346436361618418 -1.764643528728715 10.0 -1.324009484999168 -4.564910624653694 
6 -10.000000000000007 0.0 0.0 0.0 10.0 0.0 0.0 
6 0.0 0.0 0.0 0.0 0.0 0.0 0.0 
6 -10.0 0.0 0.0 0.0 10.0 0.0 0.0 
6 -8.783883880458637 -0.3848932487835334 0.0 0.0 9.168777129242159 0.0 0.0 
6 0.0 0.0 0.0 0.0 0.0 0.0 0.0 
6 0.0 0.0 -9.999999999999993 0.0 10.0 0.0 0.0 
6 0.0 0.0 0.0 0.0 10.0 0.0 -10.000000000000004 
6 0.0 0.0 0.0 0.0 10.0 0.0 -9.999999999999998 
6 -9.999999999999996 0.0 0.0 0.0 10.0 0.0 0.0 
6 0.0 0.0 0.0 0.0 0.0 0.0 0.0 
6 0.0 -2.643125033746964 -1.9561841705123044 -3.3772316244481257 9.578402509276959 0.0 -1.601861680569537 
6 0.0 0.0 0.0 0.0 0.0 0.0 0.0 
6 0.0 0.0 0.0 0.0 10.0 0.0 -9.999999999999995 
6 0.0 -5.78856344475221 -2.607621749840899 0.0 9.81478254905106 0.0 -1.4185973544579351 
6 0.0 0.0 0.0 0.0 0.6630563910891024 -0.6630563910891013 0.0 
6 0.0 -2.002877613723366 -1.4654650801969384 -2.3066079829956236 7.296671177420808 0.0 -1.521720500504865 
6 0.0 -10.000000000000005 0.0 0.0 10.0 0.0 0.0 
6 0.0 0.0 -9.99999999999999 0.0 10.0 0.0 0.0 
6 0.0 -10.000000000000007 0.0 0.0 10.0 0.0 0.0 
6 -1.870151773499478 0.0 0.0 -4.62918935272587 8.603730599743836 0.0 -2.104389473518477 
6 0.0 0.0 0.0 0.0 0.0 0.0 0.0 
6 0.0 0.0 0.0 0.0 0.0 0.0 0.0 
6 0.0 0.0 0.0 0.0 1.6868631395494815 -1.6868631395494786 0.0 
6 0.0 -3.313150217527565 -6.686849782472431 0.0 10.0 0.0 0.0 
6 0.0 0.0 0.0 0.0 -2.915172866536367E-15 0.0 0.0 
6 -0.7546351614279749 -1.3057447603262797 0.0 -0.15714962010778044 2.2175295418620404 0.0 0.0 
6 0.0 0.0 0.0 0.0 0.0 0.0 0.0 
6 0.0 0.0 0.0 0.0 0.0 0.0 0.0 
6 -1.2841838833582226 -2.281348235297855 0.0 -6.434467881343919 10.0 0.0 0.0 
6 0.0 0.0 0.0 0.0 0.0 0.0 0.0 
6 0.0 0.0 0.0 0.0 0.0 0.0 0.0 
6 -10.000000000000016 0.0 0.0 0.0 10.0 0.0 0.0 
6 0.0 0.0 0.0 0.0 10.0 0.0 -9.999999999999998 
6 0.0 -8.72514089283428 -0.012400097345717004 -1.0282909809044338 9.946876349110857 0.0 -0.18104437802642623 
6 0.0 -2.578780338456699 -2.70404705912265 -0.2243686971201786 9.99141387071379 0.0 -4.484217776014263 
6 0.0 0.0 0.0 0.0 0.0 0.0 0.0 
6 0.0 0.0 0.0 0.0 0.0 0.0 0.0 
6 0.0 -2.4142638686585778E-4 0.0 0.0 10.0 0.0 -9.999758573613134 
6 0.0 0.0 0.0 0.0 0.0 0.0 0.0 
6 0.0 0.0 0.0 0.0 0.0 0.0 0.0 
6 0.0 0.0 0.0 0.0 2.8377430671243216E-15 0.0 0.0 
6 -9.999999999999996 0.0 0.0 0.0 10.0 0.0 0.0 
6 0.0 0.0 -0.10083638754816573 0.0 10.0 -2.2192070693020844 -7.679956543149749 
6 0.0 0.0 0.0 0.0 3.163407842753824E-15 0.0 0.0 
6 0.0 0.0 -0.4002404640324 0.0 1.9714272915660287 0.0 -1.5711868275336287 
6 0.0 0.0 0.0 0.0 0.0 0.0 0.0 
6 0.0 0.0 0.0 0.0 0.0 0.0 0.0 
6 0.0 0.0 0.0 0.0 4.941265935523794E-15 0.0 0.0 
6 0.0 0.0 0.0 0.0 10.0 0.0 -10.000000000000005 
6 0.0 0.0 0.0 0.0 0.0 0.0 0.0 
6 0.0 0.0 0.0 0.0 0.0 0.0 0.0 
6 0.0 0.0 0.0 0.0 0.0 0.0 0.0 
6 0.0 0.0 -10.000000000000009 0.0 10.0 0.0 0.0 
6 0.0 0.0 0.0 0.0 10.0 -9.999999999999998 0.0 
6 0.0 0.0 0.0 0.0 0.0 0.0 0.0 
6 0.0 -0.8090116478035745 0.0 0.0 0.8090116478035752 0.0 0.0 
6 0.0 -9.999999999999996 0.0 0.0 10.0 0.0 0.0 
6 0.0 -1.981090056454753 -8.018909943545246 0.0 10.0 0.0 0.0 
6 0.0 0.0 0.0 0.0 0.0 0.0 0.0 
6 0.0 0.0 0.0 0.0 1.830012855188999E-15 0.0 0.0 
6 0.0 0.0 0.0 0.0 0.0 0.0 0.0 
6 -0.22736802090535663 -0.3028111641409365 -0.2867676585395917 -0.2366284788706971 1.5870199765904793 -0.2902894613095925 -0.24315519282430623 
6 0.0 0.0 0.0 0.0 0.0 0.0 0.0 
6 0.0 0.0 -0.011357912217698721 0.0 0.011357912217701492 0.0 0.0 
6 0.0 0.0 0.0 0.0 0.0 0.0 0.0 
6 0.0 0.0 0.0 -10.0 10.0 0.0 0.0 
6 0.0 0.0 0.0 0.0 0.0 0.0 0.0 
6 0.0 0.0 0.0 0.0 0.0 0.0 0.0 
6 -0.14438908331549166 -0.1911557200888747 -0.1857596493611357 -0.15006306142502315 1.0163585159568516 -0.18550073329119923 -0.15949026847512554 
6 0.0 0.0 0.0 0.0 -8.352749576067395E-16 0.0 0.0 
6 0.0 0.0 0.0 0.0 6.522481414364034 -6.522481414364027 0.0 
6 0.0 -6.771353883585571 0.0 0.0 10.0 -3.2286461164144256 0.0 
6 0.0 0.0 0.0 0.0 0.0 0.0 0.0 
6 0.0 -6.7211257477999995 0.0 0.0 8.308081674982365 0.0 -1.5869559271823621 
6 0.0 0.0 -10.0 0.0 10.0 0.0 0.0 
6 0.0 0.0 0.0 0.0 4.9802411801544144E-15 0.0 0.0 
6 0.0 0.0 0.0 0.0 10.0 -9.999999999999993 0.0 
6 0.0 -5.234323668469604 0.0 0.0 10.0 -1.6447429506447078 -3.120933380885685 
6 0.0 0.0 0.0 0.0 0.0 0.0 0.0 
6 0.0 0.0 0.0 0.0 10.0 0.0 -10.000000000000025 
6 0.0 0.0 0.0 0.0 0.0 0.0 0.0 
6 0.0 0.0 0.0 -10.000000000000002 10.0 0.0 0.0 
6 0.0 0.0 -9.999999999999995 0.0 10.0 0.0 0.0 
6 -1.9588636827490615 -2.8106924692896427 0.0 0.0 10.0 0.0 -5.230443847961296 
6 0.0 0.0 0.0 0.0 10.0 -9.999999999999996 0.0 
6 0.0 0.0 0.0 0.0 0.0 0.0 0.0 
6 -0.010386308514113202 -0.008295283754530048 -0.036171347688745775 -9.257696559464533 9.370472560383394 0.0 -0.05792306096147249 
6 0.0 -4.24656404740043 0.0 -5.753435952599568 10.0 0.0 0.0 
6 0.0 0.0 0.0 0.0 0.0 0.0 0.0 
6 0.0 0.0 0.0 0.0 0.0 0.0 0.0 
6 -0.028239071569874097 -0.02464999558675591 -0.03106485188805324 -0.025852679435166007 0.17387793390010822 -0.029062949303835427 -0.035008386116423776 
6 0.0 0.0 0.0 0.0 10.0 0.0 -9.999999999999996 
6 0.0 0.0 -4.3605911746382064 0.0 10.0 -5.639408825361795 0.0 
6 0.0 0.0 0.0 0.0 10.0 0.0 -9.999999999999993 
6 0.0 0.0 -10.000000000000004 0.0 10.0 0.0 0.0 
6 0.0 0.0 -10.000000000000002 0.0 10.0 0.0 0.0 
6 0.0 0.0 0.0 0.0 0.0 0.0 0.0 
6 0.0 0.0 0.0 -9.999999999999984 10.0 0.0 0.0 
6 0.0 0.0 0.0 0.0 0.0 0.0 0.0 
6 -8.796576216803427 0.0 -1.2034237831965804 0.0 10.0 0.0 0.0 
6 0.0 0.0 0.0 -1.0622250963432651 7.32602403394889 -0.5319429873049534 -5.731855950300677 
6 0.0 0.0 -10.000000000000009 0.0 10.0 0.0 0.0 
6 0.0 0.0 0.0 0.0 10.0 0.0 -9.999999999999993 
6 0.0 0.0 -10.0 0.0 10.0 0.0 0.0 
6 0.0 -0.021972760851325043 0.0 0.0 0.1629596694037549 0.0 -0.140986908552432 
6 -0.03839593119492713 -0.21338022227173675 -0.05586127179018559 -0.5257388104563527 0.8553648445499799 0.0 -0.0219886088367821 
6 0.0 0.0 0.0 0.0 0.0 0.0 0.0 
6 -10.000000000000004 0.0 0.0 0.0 10.0 0.0 0.0 
6 0.0 -3.7700109452111965 -2.9815657810907576 0.0 10.0 -3.248423273698039 0.0 
3 0.0 0.0 0.0 0.0 0.0 0.0 0.0 
3 0.0 0.0 0.0 0.0 0.0 0.0 0.0 
3 -0.13411192991058662 0.0 -0.5532136115143694 -0.23673766174192334 0.0 1.0361353839120626 -0.11207218074518512 
3 0.0 0.0 0.0 0.0 0.0 0.0 0.0 
3 0.0 0.0 0.0 0.0 0.0 -9.48614638948935E-16 0.0 
3 0.0 0.0 0.0 0.0 0.0 0.0 0.0 
3 0.0 0.0 0.0 0.0 0.0 0.0 0.0 
3 0.0 0.0 0.0 0.0 0.0 -2.8426478012465227E-15 0.0 
3 0.0 0.0 0.0 0.0 0.0 0.0 0.0 
3 0.0 -0.8964836239713917 0.0 -5.645007498382704 0.0 10.0 -3.458508877645901 
3 -2.285411555744926 0.0 -3.529070949678458 0.0 -2.4119078641448093 9.750865570447532 -1.5244752008793532 
3 -0.3399964676625932 -2.1931797634459396 -0.0470251067642 -1.4473574703917755 -2.206340896589542 6.704668367873588 -0.4707686630195502 
3 0.0 0.0 0.0 0.0 0.0 0.0 0.0 
3 0.0 0.0 0.0 0.0 0.0 1.0176213622464154E-15 0.0 
3 0.0 0.0 0.0 0.0 0.0 0.0 0.0 
3 -2.86452266003544 0.0 0.0 0.0 -4.3494658506837185 10.0 -2.7860114892808467 
3 0.0 0.0 0.0 0.0 0.0 0.0 0.0 
3 0.0 0.0 -10.000000000000036 0.0 0.0 10.0 0.0 
3 0.0 0.0 -10.00000000000001 0.0 0.0 10.0 0.0 
3 0.0 -10.000000000000004 0.0 0.0 0.0 10.0 0.0 
3 0.0 0.0 0.0 0.0 0.0 0.0 0.0 
3 0.0 0.0 0.0 0.0 0.0 1.8214984415971605E-15 0.0 
3 0.0 0.0 0.0 0.0 0.0 0.0 0.0 
3 -0.28822260826660934 -0.24609071347573255 -0.22859228465605996 -0.3378264768226599 -0.2537892621524349 1.7126510584562245 -0.35812971308273006 
3 0.0 0.0 0.0 0.0 0.0 -6.2262153822022074E-15 0.0 
3 0.0 0.0 0.0 0.0 0.0 0.0 0.0 
3 0.0 0.0 0.0 0.0 0.0 0.0 0.0 
3 0.0 -4.160483064767932 0.0 0.0 0.0 4.160483064767937 0.0 
3 0.0 0.0 0.0 0.0 0.0 0.0 0.0 
3 -1.5062634958355252 0.0 -1.5578051940758244 0.0 0.0 3.0640686899113465 0.0 
3 0.0 -10.000000000000009 0.0 0.0 0.0 10.0 0.0 
3 0.0 0.0 0.0 0.0 0.0 0.0 0.0 
3 0.0 0.0 0.0 0.0 0.0 0.0 0.0 
3 -0.5928210719555238 0.0 -0.6729768265720131 0.0 -0.13475967568336802 2.703363743696975 -1.3028061694860795 
3 0.0 0.0 0.0 0.0 0.0 0.0 0.0 
3 0.0 0.0 0.0 0.0 0.0 0.0 0.0 
3 0.0 -10.000000000000005 0.0 0.0 0.0 10.0 0.0 
3 0.0 0.0 -10.000000000000009 0.0 0.0 10.0 0.0 
3 0.0 0.0 0.0 0.0 0.0 0.0 0.0 
3 0.0 0.0 0.0 0.0 0.0 0.0 0.0 
3 0.0 0.0 -10.000000000000012 0.0 0.0 10.0 0.0 
3 0.0 0.0 0.0 0.0 0.0 0.0 0.0 
3 0.0 0.0 0.0 0.0 0.0 0.0 0.0 
3 0.0 -3.7871740661760462 0.0 0.0 -6.212825933823953 10.0 0.0 
3 0.0 0.0 0.0 0.0 0.0 0.0 0.0 
3 0.0 0.0 0.0 0.0 0.0 0.0 0.0 
3 0.0 0.0 0.0 0.0 0.0 0.0 0.0 
3 0.0 -5.354784537337122 0.0 0.0 0.0 5.354784537337122 0.0 
3 0.0 -10.000000000000004 0.0 0.0 0.0 10.0 0.0 
3 0.0 0.0 0.0 0.0 0.0 1.3394071958462317E-15 0.0 
3 0.0 0.0 0.0 0.0 0.0 0.0 0.0 
3 0.0 0.0 0.0 0.0 0.0 0.0 0.0 
3 0.0 0.0 0.0 -0.39901820589167136 -9.60098179410833 10.0 0.0 
3 0.0 0.0 0.0 0.0 0.0 -6.532007690861006E-16 0.0 
3 0.0 -10.000000000000012 0.0 0.0 0.0 10.0 0.0 
3 0.0 0.0 0.0 0.0 0.0 0.0 0.0 
3 0.0 0.0 0.0 0.0 0.0 0.0 0.0 
3 0.0 -0.7743907206833235 -2.8793759329453623 -0.9405235129323198 0.0 4.594290166561002 0.0 
3 0.0 0.0 0.0 0.0 0.0 0.0 0.0 
3 -1.0444855016450687 -6.068594721912692 0.0 -2.886919776442264 0.0 10.0 0.0 
3 0.0 0.0 0.0 0.0 0.0 0.0 0.0 
3 -0.17899621874016303 -0.1116086601808124 -0.1816065152178531 -0.16118630539137008 -0.17066716344057573 0.9876612506637766 -0.18359638769300177 
3 0.0 -10.000000000000016 0.0 0.0 0.0 10.0 0.0 
3 0.0 0.0 0.0 0.0 0.0 0.0 0.0 
3 0.0 0.0 0.0 0.0 0.0 0.0 0.0 
3 0.0 0.0 0.0 0.0 0.0 0.0 0.0 
3 0.0 0.0 0.0 0.0 0.0 0.0 0.0 
3 0.0 0.0 0.0 0.0 0.0 2.734688732735503E-15 0.0 
3 0.0 0.0 0.0 0.0 0.0 0.0 0.0 
3 -1.2714181938703941 -8.72858180612961 0.0 0.0 0.0 10.0 0.0 
3 0.0 0.0 0.0 0.0 0.0 0.0 0.0 
3 0.0 0.0 0.0 0.0 0.0 -4.385119785135296E-15 0.0 
3 0.0 0.0 -0.5411790279097503 -2.4985743676294563 0.0 3.0397533955392038 0.0 
3 0.0 -9.999999999999998 0.0 0.0 0.0 10.0 0.0 
3 0.0 0.0 0.0 0.0 0.0 0.0 0.0 
3 0.0 0.0 0.0 0.0 0.0 0.0 0.0 
3 0.0 0.0 0.0 0.0 0.0 0.0 0.0 
3 0.0 0.0 0.0 0.0 0.0 0.0 0.0 
3 -1.8182315712083434 0.0 -3.6897578605182573 -1.2359569128962395 0.0 10.0 -3.256053655377159 
3 0.0 -10.000000000000007 0.0 0.0 0.0 10.0 0.0 
3 0.0 0.0 0.0 0.0 0.0 0.0 0.0 
3 0.0 0.0 0.0 0.0 0.0 0.0 0.0 
3 0.0 0.0 0.0 0.0 0.0 0.0 0.0 
3 0.0 0.0 0.0 0.0 0.0 -3.33879112331605E-15 0.0 
3 -0.149514286852377 -0.07919468866001307 -0.14674929396431632 -0.1205239256167328 -0.1422431628756001 0.8030254807720113 -0.1648001228029714 
3 0.0 0.0 0.0 0.0 0.0 0.0 0.0 
3 -10.000000000000009 0.0 0.0 0.0 0.0 10.0 0.0 
3 0.0 0.0 0.0 0.0 0.0 4.313383273898571E-15 0.0 
3 0.0 0.0 0.0 0.0 0.0 0.0 0.0 
3 0.0 0.0 0.0 0.0 0.0 0.0 0.0 
3 0.0 0.0 -10.000000000000002 0.0 0.0 10.0 0.0 
3 0.0 0.0 0.0 0.0 0.0 0.0 0.0 
3 0.0 -9.999999999999996 0.0 0.0 0.0 10.0 0.0 
3 0.0 0.0 0.0 0.0 0.0 0.0 0.0 
3 -0.35456871791467137 -0.13280544669747854 -0.37319092620904276 -0.32980553198411716 -0.3579756222578784 1.9282137403423145 -0.3798674952791267 
3 0.0 0.0 0.0 0.0 0.0 0.0 0.0 
3 0.0 0.0 0.0 0.0 -10.000000000000002 10.0 0.0 
3 0.0 0.0 0.0 0.0 0.0 -2.4181782170619385E-15 0.0 
3 0.0 0.0 -10.0 0.0 0.0 10.0 0.0 
3 0.0 0.0 -9.999999999999993 0.0 0.0 10.0 0.0 
3 0.0 -10.0 0.0 0.0 0.0 10.0 0.0 
3 0.0 0.0 0.0 0.0 0.0 0.0 0.0 
3 0.0 0.0 0.0 0.0 0.0 0.0 0.0 
3 0.0 0.0 0.0 0.0 0.0 0.0 0.0 
3 -0.8553289793760129 -0.5561481201680083 -0.7895167290639307 -0.6548297586844115 -0.8123340349055708 4.546045423100264 -0.8778878009023217 
3 0.0 0.0 0.0 0.0 0.0 0.0 0.0 
3 0.0 -10.0 0.0 0.0 0.0 10.0 0.0 
3 0.0 0.0 0.0 0.0 0.0 0.0 0.0 
3 0.0 0.0 0.0 0.0 0.0 0.0 0.0 
3 -0.1793409736531253 -0.11079748990751452 -0.18165569839141346 -0.16109112968617012 -0.1709381214117818 0.9877660262389217 -0.18394261318891733 
3 0.0 0.0 -9.120881103405171 -0.8791188965948281 0.0 10.0 0.0 
3 0.0 -2.1071472819077526 0.0 0.0 0.0 2.107147281907754 0.0 
3 0.0 0.0 0.0 0.0 0.0 0.0 0.0 
3 0.0 0.0 -9.999999999999995 0.0 0.0 10.0 0.0 
3 0.0 0.0 0.0 0.0 0.0 0.0 0.0 
3 0.0 0.0 0.0 0.0 0.0 0.0 0.0 
3 0.0 0.0 0.0 0.0 0.0 0.0 0.0 
3 0.0 0.0 0.0 0.0 0.0 0.0 0.0 
3 0.0 0.0 0.0 0.0 0.0 0.0 0.0 
3 0.0 0.0 0.0 0.0 0.0 0.0 0.0 
3 0.0 0.0 0.0 0.0 0.0 0.0 0.0 
3 0.0 0.0 -10.000000000000005 0.0 0.0 10.0 0.0 
3 -0.5638386123099909 -7.093211038602299 -0.7464229898620399 -0.9506554670935993 -0.19203005787988403 10.0 -0.45384183425218644 
3 0.0 0.0 0.0 0.0 0.0 0.0 0.0 
3 0.0 -10.0 0.0 0.0 0.0 10.0 0.0 
3 0.0 -10.000000000000002 0.0 0.0 0.0 10.0 0.0 
3 0.0 -9.999999999999998 0.0 0.0 0.0 10.0 0.0 
3 0.0 -10.000000000000009 0.0 0.0 0.0 10.0 0.0 
3 0.0 0.0 0.0 0.0 0.0 0.0 0.0 
3 0.0 0.0 0.0 0.0 0.0 0.0 0.0 
3 0.0 0.0 -3.287293626950689 0.0 0.0 3.2872936269506896 0.0 
3 -0.02940446353252354 -0.6572435906620555 0.0 0.0 0.0 0.6866480541945772 0.0 
3 0.0 0.0 -10.0 0.0 0.0 10.0 0.0 
3 -1.4042683161025313E-4 -2.1575990334070044E-4 -0.003844360987682961 -4.196616896373696E-4 -9.56228774057975E-5 0.004784977100054385 -6.9144810378297E-5 
3 0.0 0.0 0.0 0.0 0.0 0.0 0.0 
3 0.0 0.0 -9.999999999999988 0.0 0.0 10.0 0.0 
3 0.0 0.0 0.0 0.0 -9.999999999999996 10.0 0.0 
3 0.0 0.0 0.0 0.0 0.0 0.0 0.0 
3 0.0 0.0 0.0 0.0 0.0 0.0 0.0 
3 0.0 0.0 0.0 0.0 0.0 0.0 0.0 
3 0.0 0.0 0.0 0.0 0.0 0.0 0.0 
3 0.0 0.0 -0.008272719056276415 -0.13286985750312172 0.0 0.14114257655939627 0.0 
3 0.0 0.0 0.0 0.0 0.0 0.0 0.0 
3 0.0 0.0 0.0 -2.3420356349604896 0.0 10.0 -7.657964365039524 
3 0.0 0.0 0.0 0.0 0.0 0.0 0.0 
3 -0.30148733971682334 0.0 0.0 -2.4630290772106553 -5.013749708814598 10.0 -2.2217338742579247 
3 0.0 0.0 -9.999999999999995 0.0 0.0 10.0 0.0 
3 0.0 -10.0 0.0 0.0 0.0 10.0 0.0 
3 0.0 -7.706104049670635 -2.293895950329379 0.0 0.0 10.0 0.0 
3 0.0 0.0 0.0 0.0 0.0 0.0 0.0 
3 0.0 0.0 0.0 0.0 0.0 0.0 0.0 
3 0.0 0.0 -0.09240043342769474 0.0 0.0 0.09240043342769474 0.0 
3 0.0 0.0 0.0 0.0 -1.6234904092882991 1.8343302019303722 -0.21083979264207278 
3 0.0 -9.999999999999998 0.0 0.0 0.0 10.0 0.0 
3 -0.028609753268601976 -0.013450642054023462 -0.02988865658649958 -0.01890897409362627 -0.0284530149693189 0.15412870866890482 -0.034817667696835135 
3 0.0 0.0 0.0 0.0 0.0 0.0 0.0 
3 -0.27830995077265813 -0.17914134453998798 -0.2756518637890027 -0.2602041096943786 -0.2662715777229423 1.5433719014071297 -0.283793054888162 
3 0.0 0.0 0.0 0.0 0.0 0.0 0.0 
3 0.0 0.0 0.0 -0.4282695214791831 0.0 0.4282695214791799 0.0 
3 -1.5693909960228785 -3.207587614684538 -1.2956118710553748 -0.16781568486405338 -2.0340097298059296 10.0 -1.7255841035672344 
3 0.0 0.0 0.0 0.0 0.0 0.0 0.0 
3 0.0 0.0 0.0 0.0 0.0 0.0 0.0 
3 0.0 0.0 -0.7252430295757433 -2.777176093883574 0.0 3.5853423677514207 -0.08292324429209848 
3 -5.830124058773984 0.0 0.0 0.0 0.0 5.830124058773996 0.0 
3 -0.06263152099182874 0.0 -0.07086705865171226 -0.00295796386903983 0.0 0.14893101907365325 -0.012474475561073907 
3 -0.3822129692791159 -3.0494709610510635 -0.36755175179799954 -0.34252638242671163 -0.3710311600925512 4.908177259178015 -0.3953840345305742 
3 -0.005762658302360175 -7.103045896704859 -0.0056494637201385985 -0.03864501811441948 -0.003176099148523161 7.159730687194632 -0.0034515512043306294 
3 0.0 0.0 0.0 0.0 0.0 0.0 0.0 
3 -0.24910667268303086 -0.1465649054816703 -0.25456643400923706 -0.21801464782635677 -0.23896271571742733 1.3692384161799598 -0.2620230404622377 
3 0.0 0.0 0.0 0.0 0.0 0.0 0.0 
3 0.0 -8.712715381341729 0.0 -0.12403159243846489 0.0 10.0 -1.1632530262197887 
3 0.0 0.0 0.0 0.0 0.0 0.0 0.0 
3 0.0 0.0 0.0 0.0 0.0 0.0 0.0 
3 0.0 -7.562655502654655 0.0 -2.160060999681443 0.0 10.0 -0.2772834976639412 
3 0.0 -3.4271061412374912 0.0 -2.5751980726630914 0.0 10.0 -3.997695786099411 
3 0.0 0.0 0.0 0.0 0.0 0.0 0.0 
3 0.0 -6.153420555822879 -3.037546496865817 -0.8090329473113042 0.0 10.0 0.0 
3 0.0 0.0 0.0 0.0 0.0 0.0 0.0 
3 0.0 0.0 0.0 0.0 0.0 0.0 0.0 
3 0.0 -10.0 0.0 0.0 0.0 10.0 0.0 
3 0.0 0.0 0.0 0.0 0.0 0.0 0.0 
3 -9.999999999999998 0.0 0.0 0.0 0.0 10.0 0.0 
3 -2.3871905146307074E-5 -1.384675269017762E-4 -0.0010627323658856434 -3.545300744152335E-4 -4.481161218865335E-4 0.0026730144300700313 -6.452964358351339E-4 
3 0.0 0.0 -0.036140077838941694 0.0 0.0 0.03614007783894289 0.0 
3 -0.0039865968940743955 -9.907030530427361E-4 -0.001601041713146355 -1.1601155255890953E-4 -0.0027411604834753395 0.009780194480361045 -3.4468078406271323E-4 
3 0.0 0.0 0.0 0.0 0.0 0.0 0.0 
3 -0.17970909821739187 -0.11015291041768281 -0.1819604662201652 -0.16082873200435976 -0.17106009787384469 0.9878895939541349 -0.18417828922069013 
3 0.0 0.0 0.0 0.0 0.0 0.0 0.0 
3 0.0 0.0 0.0 0.0 0.0 0.0 0.0 
3 0.0 0.0 0.0 0.0 0.0 0.0 0.0 
3 0.0 0.0 0.0 0.0 0.0 0.0 0.0 
3 0.0 0.0 0.0 0.0 0.0 0.0 0.0 
3 0.0 0.0 0.0 0.0 0.0 0.0 0.0 
3 0.0 0.0 0.0 0.0 0.0 0.0 0.0 
3 0.0 0.0 0.0 0.0 0.0 0.0 0.0 
3 0.0 0.0 -9.999999999999998 0.0 0.0 10.0 0.0 
3 -10.0 0.0 0.0 0.0 0.0 10.0 0.0 
3 -0.009799326133778687 0.0 0.0 0.0 -0.0071681572083552225 0.01696748334213391 0.0 
3 0.0 0.0 0.0 0.0 0.0 0.0 0.0 
3 -6.666580124862734 0.0 -1.8755824326756179 -0.17739353428128515 0.0 8.82490875309075 -0.10535266127112079 
3 0.0 0.0 0.0 0.0 0.0 0.0 0.0 
3 0.0 0.0 0.0 0.0 0.0 0.0 0.0 
3 -0.3336653526165819 -1.0598290887771171 -0.053081158189859916 0.0 0.0 2.177832013387292 -0.7312564138037393 
3 0.0 0.0 0.0 0.0 0.0 0.0 0.0 
3 0.0 0.0 0.0 0.0 0.0 0.0 0.0 
3 0.0 0.0 0.0 0.0 0.0 0.0 0.0 
3 0.0 0.0 0.0 0.0 0.0 0.0 0.0 
3 0.0 0.0 0.0 0.0 0.0 0.0 0.0 
3 0.0 0.0 0.0 0.0 0.0 -4.983582024942019E-15 0.0 
3 0.0 0.0 -10.00000000000001 0.0 0.0 10.0 0.0 
3 0.0 -0.9155951424115774 0.0 -1.2311592119955652 0.0 2.146754354407142 0.0 
3 0.0 0.0 0.0 -0.4736992096353955 0.0 0.47369920963539386 0.0 
3 0.0 -10.000000000000016 0.0 0.0 0.0 10.0 0.0 
3 0.0 -9.999999999999995 0.0 0.0 0.0 10.0 0.0 
3 0.0 0.0 0.0 0.0 0.0 -4.954844449141542E-16 0.0 
3 0.0 0.0 0.0 0.0 -9.999999999999996 10.0 0.0 
3 0.0 0.0 0.0 0.0 0.0 0.0 0.0 
3 0.0 -10.000000000000005 0.0 0.0 0.0 10.0 0.0 
3 -0.569754138294678 -0.5052173395675124 -0.49742156209048866 -0.40675568326593475 -0.4594504812243758 3.0265969565075697 -0.587997752064583 
3 0.0 0.0 0.0 0.0 0.0 0.0 0.0 
3 0.0 0.0 0.0 0.0 0.0 0.0 0.0 
3 0.0 0.0 0.0 0.0 0.0 0.0 0.0 
3 -0.007738255635370457 -0.35518536811037454 -0.010836513836855001 -1.5680165385304032 -0.12110156272852213 2.9735543523749013 -0.9106761135333786 
3 0.0 0.0 0.0 0.0 0.0 1.263139922642767E-15 0.0 
3 0.0 0.0 0.0 0.0 0.0 0.0 0.0 
3 0.0 0.0 0.0 0.0 -7.191226270396608 7.191226270396608 0.0 
3 -9.999999999999991 0.0 0.0 0.0 0.0 10.0 0.0 
3 0.0 0.0 0.0 0.0 0.0 0.0 0.0 
3 -9.999999999999996 0.0 0.0 0.0 0.0 10.0 0.0 
3 0.0 0.0 -3.6168425210033046 -0.24264621804215342 0.0 10.0 -6.1405112609545665 
3 0.0 -10.0 0.0 0.0 0.0 10.0 0.0 
3 0.0 0.0 0.0 0.0 0.0 0.0 0.0 
3 0.0 0.0 0.0 0.0 0.0 -2.561808240288305E-15 0.0 
3 0.0 0.0 0.0 0.0 0.0 1.1884620606465449E-15 0.0 
3 -0.20066339433440328 -0.1406978473954812 0.0 -0.2626381314599078 0.0 0.6685795465035157 -0.06458017331372291 
3 0.0 0.0 -10.000000000000007 0.0 0.0 10.0 0.0 
3 -1.121966837709598E-4 -9.999842734188917 0.0 0.0 0.0 10.0 -4.506912731267737E-5 
3 -7.4173384886449325 0.0 0.0 0.0 0.0 7.417338488644929 0.0 
3 -1.3476902926172205 0.0 -0.7508968318184774 0.0 -1.1828160019728229 3.7286321368421373 -0.4472290104336176 
3 0.0 0.0 0.0 0.0 0.0 0.0 0.0 
3 0.0 0.0 0.0 0.0 0.0 0.0 0.0 
3 0.0 0.0 0.0 -10.000000000000005 0.0 10.0 0.0 
3 -0.41359377470071346 -1.5850920150581074 -5.891309983786213 0.0 0.0 7.889995773545034 0.0 
3 0.0 0.0 0.0 0.0 0.0 1.25329343142083E-15 0.0 
3 0.0 0.0 0.0 0.0 0.0 0.0 0.0 
3 0.0 0.0 0.0 0.0 0.0 0.0 0.0 
3 -0.14835576959548655 -0.07850704567899375 -0.16004270849372815 -0.1188543986046736 -0.13665329604508233 0.8019481667259849 -0.15953494830801968 
3 -1.0473537699290985 -0.8553974488022236 -0.9752092198288592 0.0 -1.2300312380917677 5.296154737326125 -1.1881630606741824 
3 0.0 -10.0 0.0 0.0 0.0 10.0 0.0 
3 0.0 0.0 0.0 0.0 0.0 0.0 0.0 
3 0.0 -9.999999999999996 0.0 0.0 0.0 10.0 0.0 
3 -0.1440746960811464 -0.07453711358249959 -0.16195296145133803 -0.1258387947817547 -0.13133534629648877 0.8003696108035384 -0.16263069861031254 
3 0.0 0.0 -9.999999999999995 0.0 0.0 10.0 0.0 
3 0.0 0.0 0.0 0.0 0.0 0.0 0.0 
3 0.0 -0.07641046537637823 0.0 0.0 -0.02383209994665822 0.11793090779823895 -0.017688342475203987 
3 -1.4422940316051271 0.0 -0.8944641778004009 -0.08035192343763199 -1.3991679136607122 5.45261540718557 -1.6363373606816822 
3 -0.33881069700579064 -0.05634415617196652 -0.3518955896490022 -0.339219034423832 -0.35046093117409216 1.8472927512051582 -0.410562342780476 
1 0.0 0.0 0.0 0.0 0.0 0.0 0.0 
1 0.0 -2.233185535043316 0.0 0.0 -7.766814464956687 0.0 10.0 
1 0.0 -10.0 0.0 0.0 0.0 0.0 10.0 
1 0.0 0.0 -9.999999999999995 0.0 0.0 0.0 10.0 
1 0.0 0.0 -10.0 0.0 0.0 0.0 10.0 
1 0.0 -1.5072690425818345 -0.053653522291803986 -1.2697719901194306 -1.293888351509711 -1.4870774174422272 5.61166032394501 
1 -1.2008339593994033 0.0 -0.7167476929897879 0.0 0.0 0.0 1.9175816523891895 
1 0.0 0.0 -9.999999999999993 0.0 0.0 0.0 10.0 
1 0.0 0.0 0.0 0.0 0.0 0.0 0.0 
1 0.0 0.0 0.0 0.0 0.0 0.0 0.0 
1 0.0 0.0 0.0 0.0 -9.999999999999988 0.0 10.0 
1 0.0 0.0 0.0 0.0 -10.0 0.0 10.0 
1 0.0 0.0 0.0 0.0 0.0 0.0 0.0 
1 0.0 0.0 -9.999999999999991 0.0 0.0 0.0 10.0 
1 0.0 0.0 0.0 0.0 0.0 0.0 0.0 
1 0.0 0.0 0.0 0.0 0.0 0.0 0.0 
1 0.0 0.0 0.0 0.0 0.0 0.0 0.0 
1 0.0 0.0 -10.000000000000007 0.0 0.0 0.0 10.0 
1 0.0 0.0 0.0 0.0 0.0 0.0 0.0 
1 -0.3536709156865977 -0.13068201617063807 -0.17350624059025346 -0.2927530934250798 -0.24205084813300745 -0.27458677191456177 1.467249885920138 
1 0.0 0.0 0.0 0.0 -9.999999999999945 0.0 10.0 
1 0.0 0.0 0.0 0.0 0.0 0.0 0.0 
1 0.0 0.0 0.0 0.0 0.0 0.0 -1.1614029889352602E-14 
1 0.0 0.0 0.0 0.0 0.0 0.0 -9.507866348810854E-16 
1 0.0 0.0 0.0 0.0 0.0 0.0 0.0 
1 0.0 0.0 -10.0 0.0 0.0 0.0 10.0 
1 0.0 0.0 0.0 0.0 0.0 0.0 0.0 
1 0.0 -8.776096366950778 0.0 0.0 0.0 0.0 8.776096366950778 
1 0.0 0.0 0.0 0.0 0.0 0.0 0.0 
1 -0.00707034001542543 0.0 -4.647148904082227E-4 0.0 0.0 -0.04693663265627313 0.054471687562106484 
1 0.0 0.0 0.0 0.0 0.0 0.0 0.0 
1 0.0 -1.255953933545672E-4 0.0 0.0 -2.3600494906613606E-5 -4.239399409245073E-5 1.9158988235263856E-4 
1 0.0 0.0 -10.000000000000005 0.0 0.0 0.0 10.0 
1 0.0 0.0 -10.000000000000007 0.0 0.0 0.0 10.0 
1 -3.647301418336508 0.0 0.0 0.0 0.0 -6.352698581663494 10.0 
1 0.0 0.0 0.0 0.0 0.0 0.0 0.0 
1 0.0 0.0 0.0 0.0 0.0 0.0 0.0 
1 0.0 0.0 0.0 0.0 0.0 0.0 0.0 
1 0.0 0.0 0.0 0.0 0.0 0.0 0.0 
1 0.0 0.0 -2.407060560777882 -7.592939439222129 0.0 0.0 10.0 
1 0.0 0.0 0.0 0.0 0.0 0.0 -7.74368612708016E-15 
1 0.0 -6.531196097367183 0.0 0.0 -3.4688039026328203 0.0 10.0 
1 0.0 0.0 0.0 0.0 0.0 0.0 0.0 
1 0.0 0.0 0.0 0.0 0.0 0.0 0.0 
1 0.0 -1.8143603600134748E-4 0.0 0.0 -9.999818563964 0.0 10.0 
1 0.0 -5.433413852134925 0.0 0.0 -4.566586147865053 0.0 10.0 
1 0.0 0.0 0.0 0.0 0.0 0.0 0.0 
1 0.0 0.0 0.0 0.0 0.0 0.0 0.0 
1 0.0 0.0 0.0 0.0 0.0 0.0 0.0 
1 0.0 0.0 -9.999999999999996 0.0 0.0 0.0 10.0 
1 0.0 0.0 -10.0 0.0 0.0 0.0 10.0 
1 0.0 0.0 0.0 0.0 0.0 0.0 0.0 
1 0.0 0.0 -9.999999999999995 0.0 0.0 0.0 10.0 
1 -6.970829116519153 0.0 0.0 0.0 0.0 -3.029170883480843 10.0 
1 0.0 0.0 -10.0 0.0 0.0 0.0 10.0 
1 0.0 0.0 -10.000000000000009 0.0 0.0 0.0 10.0 
1 0.0 0.0 -6.167606746206581 -3.832393253793422 0.0 0.0 10.0 
1 0.0 0.0 -10.0 0.0 0.0 0.0 10.0 
1 -2.3047698666322605 0.0 0.0 -7.69523013336775 0.0 0.0 10.0 
1 0.0 0.0 0.0 0.0 -10.000000000000002 0.0 10.0 
1 0.0 0.0 0.0 0.0 -7.669059386648995 0.0 7.669059386648995 
1 0.0 0.0 0.0 -3.073787733103117 0.0 -6.926212266896876 10.0 
1 0.0 0.0 0.0 -5.425035811254486 0.0 -4.574964188745522 10.0 
1 -6.394792811198298 0.0 0.0 -1.1596378374239908 0.0 0.0 7.554430648622278 
1 0.0 0.0 0.0 0.0 0.0 0.0 0.0 
1 0.0 0.0 0.0 0.0 0.0 0.0 0.0 
1 0.0 0.0 0.0 0.0 0.0 0.0 0.0 
1 0.0 0.0 0.0 0.0 0.0 0.0 0.0 
1 -3.9080196033559598 -0.18860344590033706 0.0 -0.5538967244136175 -5.058142858261161 -0.29133736806893873 10.0 
1 0.0 0.0 0.0 0.0 0.0 0.0 0.0 
1 0.0 -9.999999999999998 0.0 0.0 0.0 0.0 10.0 
1 0.0 0.0 0.0 0.0 0.0 0.0 0.0 
1 -0.22419054421206416 -0.10213458277218321 -0.09865119059025741 -0.17556457192293498 -0.15448473613425384 -0.1776672791689728 0.9326929048006655 
1 0.0 0.0 0.0 0.0 0.0 0.0 6.860966665613332E-15 
1 0.0 0.0 0.0 0.0 0.0 0.0 0.0 
1 0.0 0.0 -10.000000000000004 0.0 0.0 0.0 10.0 
1 0.0 0.0 -7.942736967404362 0.0 0.0 -2.057263032595636 10.0 
1 0.0 0.0 -10.000000000000005 0.0 0.0 0.0 10.0 
1 0.0 0.0 0.0 0.0 0.0 0.0 7.48335246552789E-15 
1 0.0 0.0 0.0 0.0 -4.575741200259007 -5.424258799740994 10.0 
1 -0.9951929310420856 0.0 -0.596846633827626 0.0 -0.7518930813182672 -0.8367817931414792 3.1807144393294546 
1 0.0 0.0 0.0 0.0 0.0 0.0 0.0 
1 0.0 0.0 -9.999999999999993 0.0 0.0 0.0 10.0 
1 0.0 0.0 0.0 0.0 0.0 -1.1074007245480111E-5 1.1074007245480111E-5 
1 0.0 0.0 0.0 0.0 0.0 0.0 0.0 
1 0.0 -10.00000000000001 0.0 0.0 0.0 0.0 10.0 
1 -5.879288514945422E-6 0.0 0.0 0.0 0.0 0.0 5.8792885158395584E-6 
1 0.0 0.0 -10.000000000000005 0.0 0.0 0.0 10.0 
1 -2.812920925998231E-5 0.0 -2.7071634256219673E-6 -2.0410476655370705E-4 -1.909596677387112E-4 0.0 4.2590080697742667E-4 
1 -1.613593570943038 -2.4804792897602796 -1.396645007438876 -1.4724143448909808 -1.57813551867002 -1.1218182828941976 9.663086014597392 
1 0.0 0.0 0.0 0.0 0.0 0.0 0.0 
1 0.0 0.0 0.0 0.0 0.0 0.0 0.0 
1 0.0 0.0 -10.000000000000005 0.0 0.0 0.0 10.0 
1 -0.2289748125063115 -0.09990043562455425 -0.09596256807485508 -0.17962570237372302 -0.14871990591382947 -0.17885358411606067 0.9320370086093349 
1 0.0 0.0 0.0 0.0 -10.0 0.0 10.0 
1 0.0 0.0 -10.000000000000007 0.0 0.0 0.0 10.0 
1 0.0 0.0 0.0 0.0 0.0 0.0 0.0 
1 0.0 0.0 0.0 0.0 0.0 0.0 0.0 
1 0.0 0.0 0.0 0.0 0.0 0.0 0.0 
1 0.0 0.0 -10.0 0.0 0.0 0.0 10.0 
1 0.0 0.0 0.0 0.0 0.0 0.0 0.0 
1 0.0 0.0 0.0 0.0 0.0 0.0 0.0 
1 0.0 0.0 0.0 0.0 -10.0 0.0 10.0 
1 0.0 0.0 0.0 0.0 0.0 0.0 0.0 
1 0.0 0.0 0.0 0.0 0.0 0.0 0.0 
1 0.0 0.0 0.0 0.0 -10.00000000000001 0.0 10.0 
1 0.0 0.0 0.0 0.0 0.0 0.0 0.0 
1 0.0 0.0 0.0 0.0 0.0 0.0 0.0 
1 0.0 0.0 0.0 0.0 0.0 0.0 0.0 
1 0.0 0.0 0.0 0.0 -9.999999999999998 0.0 10.0 
1 0.0 0.0 0.0 0.0 -3.6756618502690306 0.0 3.675661850269019 
1 0.0 0.0 0.0 0.0 -9.999999999999998 0.0 10.0 
1 -0.22659235478789877 -0.10450317691725447 -0.09640597613704252 -0.17823361067632423 -0.15300885460979866 -0.1727916374087822 0.9315356105371009 
1 -0.8668333056665057 -9.133166694333521 0.0 0.0 0.0 0.0 10.0 
1 0.0 0.0 0.0 0.0 0.0 0.0 0.0 
1 0.0 -8.46969273873322 0.0 0.0 0.0 -1.4867660978723678 9.956458836605579 
1 -0.36096020057097344 -0.18140956463551722 -0.16716768737676008 -0.3000499372406511 -0.2463824193491444 -0.2975056492591822 1.5534754584322297 
1 0.0 0.0 -10.000000000000004 0.0 0.0 0.0 10.0 
1 0.0 0.0 0.0 0.0 0.0 0.0 0.0 
1 0.0 -0.8291578012313133 0.0 -0.8047218686381241 0.0 0.0 1.6338796698694367 
