2 0.0 0.0 0.0 0.0 0.0 0.0 0.0 
2 10.0 0.0 0.0 0.0 -10.0 0.0 0.0 
2 10.0 -9.99999999999999 0.0 0.0 0.0 0.0 0.0 
2 10.0 -9.916787334094717 0.0 0.0 0.0 0.0 -0.08321266590528234 
2 10.0 0.0 -10.0 0.0 0.0 0.0 0.0 
2 5.495325166565467 -5.495325166565465 0.0 0.0 0.0 0.0 0.0 
2 10.0 -10.00000000000002 0.0 0.0 0.0 0.0 0.0 
2 0.0 0.0 0.0 0.0 0.0 0.0 0.0 
2 10.0 0.0 0.0 0.0 0.0 0.0 -10.000000000000023 
2 0.0 0.0 0.0 0.0 0.0 0.0 0.0 
2 10.0 0.0 -10.000000000000005 0.0 0.0 0.0 0.0 
2 10.0 -10.0 0.0 0.0 0.0 0.0 0.0 
2 0.0 0.0 0.0 0.0 0.0 0.0 0.0 
2 0.0 0.0 0.0 0.0 0.0 0.0 0.0 
2 0.0 0.0 0.0 0.0 0.0 0.0 0.0 
2 10.0 -9.999999999999991 0.0 0.0 0.0 0.0 0.0 
2 10.0 0.0 0.0 0.0 0.0 -10.0 0.0 
2 0.0 0.0 0.0 0.0 0.0 0.0 0.0 
2 10.0 -9.999999999999998 0.0 0.0 0.0 0.0 0.0 
2 10.0 0.0 -7.005745992210274 -2.994254007789727 0.0 0.0 0.0 
2 10.0 -9.999999999999993 0.0 0.0 0.0 0.0 0.0 
2 0.0 0.0 0.0 0.0 0.0 0.0 0.0 
2 0.0 0.0 0.0 0.0 0.0 0.0 0.0 
2 0.0 0.0 0.0 0.0 0.0 0.0 0.0 
2 10.0 0.0 0.0 0.0 -10.000000000000002 0.0 0.0 
2 10.0 -10.000000000000007 0.0 0.0 0.0 0.0 0.0 
2 10.0 0.0 0.0 0.0 0.0 0.0 -9.999999999999996 
2 0.0 0.0 0.0 0.0 0.0 0.0 0.0 
2 0.0 0.0 0.0 0.0 0.0 0.0 0.0 
2 0.0 0.0 0.0 0.0 0.0 0.0 0.0 
2 0.0 0.0 0.0 0.0 0.0 0.0 0.0 
2 -1.3658724134463154E-14 0.0 0.0 0.0 0.0 0.0 0.0 
2 10.0 0.0 0.0 -10.000000000000002 0.0 0.0 0.0 
2 10.0 -10.000000000000002 0.0 0.0 0.0 0.0 0.0 
2 0.0 0.0 0.0 0.0 0.0 0.0 0.0 
2 0.0 0.0 0.0 0.0 0.0 0.0 0.0 
2 10.0 0.0 0.0 0.0 -9.999999999999991 0.0 0.0 
2 10.0 -10.00000000000001 0.0 0.0 0.0 0.0 0.0 
2 0.0 0.0 0.0 0.0 0.0 0.0 0.0 
2 10.0 0.0 0.0 0.0 0.0 -10.000000000000002 0.0 
2 10.0 0.0 0.0 -9.999999999999995 0.0 0.0 0.0 
2 10.0 0.0 0.0 0.0 -9.999999999999982 0.0 0.0 
2 0.0 0.0 0.0 0.0 0.0 0.0 0.0 
2 10.0 0.0 0.0 0.0 0.0 -10.000000000000005 0.0 
2 10.0 0.0 -0.30993818578415716 -9.690061814215841 0.0 0.0 0.0 
2 10.0 0.0 -9.999999999999993 0.0 0.0 0.0 0.0 
2 10.0 -9.999999999999998 0.0 0.0 0.0 0.0 0.0 
2 6.801201105945796 0.0 -5.031539128674966 0.0 -0.3485612251316663 -0.4660625064977757 -0.9550382456414128 
2 -1.7496740674559322E-14 0.0 0.0 0.0 0.0 0.0 0.0 
2 10.0 -10.000000000000009 0.0 0.0 0.0 0.0 0.0 
2 10.0 -10.000000000000007 0.0 0.0 0.0 0.0 0.0 
2 10.0 0.0 -9.999999999999998 0.0 0.0 0.0 0.0 
2 10.0 0.0 0.0 -9.999999999999984 0.0 0.0 0.0 
2 10.0 0.0 0.0 -9.999999999999972 0.0 0.0 0.0 
2 0.0 0.0 0.0 0.0 0.0 0.0 0.0 
2 10.0 0.0 0.0 -9.999999999999993 0.0 0.0 0.0 
2 10.0 0.0 0.0 0.0 0.0 -9.999999999999998 0.0 
2 0.0 0.0 0.0 0.0 0.0 0.0 0.0 
2 0.0 0.0 0.0 0.0 0.0 0.0 0.0 
2 0.0 0.0 0.0 0.0 0.0 0.0 0.0 
2 0.0 0.0 0.0 0.0 0.0 0.0 0.0 
2 10.0 -10.000000000000023 0.0 0.0 0.0 0.0 0.0 
2 0.0 0.0 0.0 0.0 0.0 0.0 0.0 
2 10.0 -10.000000000000002 0.0 0.0 0.0 0.0 0.0 
2 0.0 0.0 0.0 0.0 0.0 0.0 0.0 
2 0.0 0.0 0.0 0.0 0.0 0.0 0.0 
2 10.0 0.0 0.0 0.0 0.0 -9.99999999999999 0.0 
2 0.0 0.0 0.0 0.0 0.0 0.0 0.0 
2 0.0 0.0 0.0 0.0 0.0 0.0 0.0 
2 1.0594450113794702 -0.10369765313520901 -0.16427676435666094 -0.166714376921599 -0.1977894323556501 -0.1834295972582162 -0.24353718735213564 
2 8.729325827202345 0.0 -8.72932582720236 0.0 0.0 0.0 0.0 
2 10.0 0.0 -9.999999999999998 0.0 0.0 0.0 0.0 
2 0.0 0.0 0.0 0.0 0.0 0.0 0.0 
2 0.0 0.0 0.0 0.0 0.0 0.0 0.0 
2 2.3190194915876865 0.0 0.0 0.0 0.0 -2.3190194915877034 0.0 
2 10.0 0.0 -10.000000000000016 0.0 0.0 0.0 0.0 
2 0.0 0.0 0.0 0.0 0.0 0.0 0.0 
2 0.0 0.0 0.0 0.0 0.0 0.0 0.0 
2 10.0 0.0 -10.000000000000002 0.0 0.0 0.0 0.0 
2 10.0 0.0 -10.000000000000004 0.0 0.0 0.0 0.0 
2 10.0 0.0 0.0 -10.000000000000007 0.0 0.0 0.0 
2 0.0 0.0 0.0 0.0 0.0 0.0 0.0 
2 10.0 0.0 -4.549674230961941 -2.350116557306744 0.0 -3.100209211731282 0.0 
2 0.0 0.0 0.0 0.0 0.0 0.0 0.0 
2 10.0 0.0 0.0 0.0 -10.0 0.0 0.0 
2 10.0 -10.000000000000012 0.0 0.0 0.0 0.0 0.0 
2 10.0 0.0 -10.0 0.0 0.0 0.0 0.0 
2 0.0 0.0 0.0 0.0 0.0 0.0 0.0 
2 0.0 0.0 0.0 0.0 0.0 0.0 0.0 
2 0.0 0.0 0.0 0.0 0.0 0.0 0.0 
2 0.0 0.0 0.0 0.0 0.0 0.0 0.0 
2 0.0 0.0 0.0 0.0 0.0 0.0 0.0 
2 5.1149141260163375 -0.1761825519889332 0.0 -0.35623914620608094 -2.824358778376225 0.0 -1.7581336494450988 
2 0.0 0.0 0.0 0.0 0.0 0.0 0.0 
2 10.0 -0.8625951063139173 0.0 0.0 -5.435606582621851 -1.6636436168794195 -2.038154694184811 
2 0.0 0.0 0.0 0.0 0.0 0.0 0.0 
2 0.0 0.0 0.0 0.0 0.0 0.0 0.0 
2 10.0 0.0 -9.999999999999998 0.0 0.0 0.0 0.0 
2 10.0 0.0 0.0 -10.00000000000001 0.0 0.0 0.0 
2 0.0 0.0 0.0 0.0 0.0 0.0 0.0 
2 9.896922052350241 -5.639178109654447 0.0 0.0 -3.229093160199014 0.0 -1.0286507824967839 
2 0.0 0.0 0.0 0.0 0.0 0.0 0.0 
2 10.0 0.0 -9.999999999999993 0.0 0.0 0.0 0.0 
2 1.6666508339847135E-14 0.0 0.0 0.0 0.0 0.0 0.0 
2 10.0 -9.999999999999998 0.0 0.0 0.0 0.0 0.0 
2 10.0 -9.99999999999999 0.0 0.0 0.0 0.0 0.0 
2 10.0 0.0 0.0 0.0 -10.000000000000007 0.0 0.0 
2 10.0 0.0 -9.999999999999998 0.0 0.0 0.0 0.0 
2 1.0594272891104908 -0.10376659322105633 -0.1642886688596183 -0.16660555533959304 -0.1977221464713467 -0.18346634809215742 -0.24357797712671758 
2 10.0 0.0 -9.999999999999986 0.0 0.0 0.0 0.0 
2 10.0 -10.000000000000012 0.0 0.0 0.0 0.0 0.0 
2 10.0 0.0 -10.000000000000004 0.0 0.0 0.0 0.0 
0 0.0 0.8210574407685531 0.0 -0.8210574407685531 0.0 0.0 0.0 
0 0.0 10.0 0.0 0.0 -6.766030047277832 -3.233969952722168 0.0 
0 0.0 10.0 -9.999999999999996 0.0 0.0 0.0 0.0 
0 0.0 8.57716225591378 -0.0683443972641521 -0.2214258914903818 -8.089246025532121 -0.19814594162712426 0.0 
0 -2.1733409474251637 7.4371733036432515 -0.7982888943933942 -0.34550583310437843 -2.4769008586130554 0.0 -1.643136770107254 
0 0.0 0.0 0.0 0.0 0.0 0.0 0.0 
0 0.0 0.0 0.0 0.0 0.0 0.0 0.0 
0 0.0 10.0 -7.6675867959250334 0.0 0.0 0.0 -2.3324132040749985 
0 0.0 10.0 0.0 0.0 -8.629624810833697 0.0 -1.3703751891662979 
0 0.0 10.0 0.0 0.0 -9.999999999999998 0.0 0.0 
0 0.0 0.0 0.0 0.0 0.0 0.0 0.0 
0 0.0 0.0 0.0 0.0 0.0 0.0 0.0 
0 0.0 10.0 -10.00000000000001 0.0 0.0 0.0 0.0 
0 0.0 0.0 0.0 0.0 0.0 0.0 0.0 
0 0.0 0.0 0.0 0.0 0.0 0.0 0.0 
0 0.0 0.0 0.0 0.0 0.0 0.0 0.0 
0 -0.01513137521547653 0.7508508823000438 -0.30720328868518415 -0.31966083062500383 -0.07670472297787714 -0.03215066479650454 0.0 
0 0.0 0.0 0.0 0.0 0.0 0.0 0.0 
0 0.0 0.0 0.0 0.0 0.0 0.0 0.0 
0 0.0 0.0 0.0 0.0 0.0 0.0 0.0 
0 0.0 1.2091099765792282E-15 0.0 0.0 0.0 0.0 0.0 
0 -10.000000000000021 10.0 0.0 0.0 0.0 0.0 0.0 
0 0.0 10.0 0.0 0.0 0.0 -10.000000000000002 0.0 
0 0.0 10.0 0.0 0.0 -10.0 0.0 0.0 
0 0.0 10.0 -10.000000000000002 0.0 0.0 0.0 0.0 
0 0.0 0.0 0.0 0.0 0.0 0.0 0.0 
0 0.0 0.0 0.0 0.0 0.0 0.0 0.0 
0 -1.1231449601999424 3.4972597209649536 0.0 0.0 0.0 -2.374114760765015 0.0 
0 -0.0011932173663867607 0.0178069185795517 -0.0020389520316922674 -0.003932126003534193 0.0 -0.010516241358355131 -1.2638181958255195E-4 
0 0.0 0.0 0.0 0.0 0.0 0.0 0.0 
0 0.0 -6.921738280642851E-15 0.0 0.0 0.0 0.0 0.0 
0 0.0 0.0 0.0 0.0 0.0 0.0 0.0 
0 0.0 0.0 0.0 0.0 0.0 0.0 0.0 
0 0.0 2.2580061211318854 -2.2580061211318854 0.0 0.0 0.0 0.0 
0 0.0 0.0 0.0 0.0 0.0 0.0 0.0 
0 0.0 5.399858471991679 -1.7274155724653197 0.0 -1.0212641593357774 -2.6511787401905735 0.0 
0 -0.11921318129102626 0.5870468232538703 -0.07400636322534342 -0.11048951612250121 -0.07934161767344425 -0.058424629541173806 -0.14557151540038216 
0 0.0 0.0 0.0 0.0 0.0 0.0 0.0 
0 0.0 0.0 0.0 0.0 0.0 0.0 0.0 
0 0.0 0.0 0.0 0.0 0.0 0.0 0.0 
0 -9.999999999999998 10.0 0.0 0.0 0.0 0.0 0.0 
0 0.0 10.0 0.0 -9.999999999999996 0.0 0.0 0.0 
0 0.0 10.0 0.0 0.0 0.0 -10.000000000000004 0.0 
0 -10.0 10.0 0.0 0.0 0.0 0.0 0.0 
0 0.0 0.0 0.0 0.0 0.0 0.0 0.0 
0 0.0 0.0 0.0 0.0 0.0 0.0 0.0 
0 -10.000000000000034 10.0 0.0 0.0 0.0 0.0 0.0 
0 0.0 -1.1461152865837875E-14 0.0 0.0 0.0 0.0 0.0 
0 -10.000000000000014 10.0 0.0 0.0 0.0 0.0 0.0 
0 0.0 0.0 0.0 0.0 0.0 0.0 0.0 
0 0.0 10.0 0.0 -10.000000000000002 0.0 0.0 0.0 
0 0.0 4.0730658935073387E-4 -3.6538626009493353E-4 0.0 0.0 -4.1920329256264714E-5 0.0 
0 -6.298899423220677 9.757264111332711 -2.6469152962925757 0.0 0.0 0.0 -0.8114493918194577 
0 0.0 0.0 0.0 0.0 0.0 0.0 0.0 
0 0.0 0.0 0.0 0.0 0.0 0.0 0.0 
0 -5.104198002683981 10.0 0.0 0.0 0.0 0.0 -4.8958019973159885 
0 0.0 0.0 0.0 0.0 0.0 0.0 0.0 
0 0.0 10.0 -1.3462115240576964 -4.29104817933121 -2.381119878884241 0.0 -1.9816204177268435 
0 0.0 10.0 0.0 0.0 -10.000000000000004 0.0 0.0 
0 0.0 1.7044449455101258E-15 0.0 0.0 0.0 0.0 0.0 
0 -0.45657348950703336 2.4606372145361646 -0.3911343206910731 -0.44759747917284776 -0.3174051630848205 -0.3067101075867969 -0.5412166544935932 
0 0.0 0.0 0.0 0.0 0.0 0.0 0.0 
0 0.0 10.0 0.0 0.0 0.0 -10.000000000000027 0.0 
0 0.0 10.0 0.0 0.0 0.0 0.0 -9.999999999999986 
0 0.0 0.0042644467192704 0.0 0.0 0.0 -0.0042644467192704 0.0 
0 -1.9680155281770992 10.0 0.0 -3.3894989495073906 0.0 -4.642485522315507 0.0 
0 0.0 1.0274848344323087E-15 0.0 0.0 0.0 0.0 0.0 
0 -0.016679242685790754 10.0 0.0 0.0 -9.983320757314205 0.0 0.0 
0 0.0 0.0 0.0 0.0 0.0 0.0 0.0 
0 -5.417096050879433 10.0 -0.08096718597715218 -1.8353171922330893 -0.46388628397751885 -0.3139818460546199 -1.8887514408781516 
0 0.0 0.0 0.0 0.0 0.0 0.0 0.0 
0 0.0 0.0 0.0 0.0 0.0 0.0 0.0 
0 0.0 0.0 0.0 0.0 0.0 0.0 0.0 
0 0.0 1.951360829872089E-15 0.0 0.0 0.0 0.0 0.0 
0 0.0 10.0 -10.000000000000012 0.0 0.0 0.0 0.0 
0 0.0 0.0 0.0 0.0 0.0 0.0 0.0 
0 -0.055478606250880046 9.63444820878519 0.0 0.0 0.0 -9.578969602534313 0.0 
0 0.0 1.6367413542214906 0.0 0.0 0.0 -0.5920439861691106 -1.044697368052383 
0 0.0 10.0 -10.000000000000002 0.0 0.0 0.0 0.0 
0 0.0 0.0 0.0 0.0 0.0 0.0 0.0 
0 0.0 0.0 0.0 0.0 0.0 0.0 0.0 
0 -0.1144307708336063 10.0 -4.773308000997767 0.0 0.0 0.0 -5.112261228168692 
0 0.0 10.0 0.0 0.0 -9.999999999999998 0.0 0.0 
0 0.0 0.0 0.0 0.0 0.0 0.0 0.0 
0 0.0 10.0 -9.999999999999998 0.0 0.0 0.0 0.0 
0 -9.993224328614456 10.0 0.0 0.0 0.0 0.0 -0.006775671385562758 
0 0.0 0.0 0.0 0.0 0.0 0.0 0.0 
0 0.0 3.027252310220353 0.0 -0.2404270839985155 -2.378965408524752 0.0 -0.40785981769709045 
0 -10.000000000000016 10.0 0.0 0.0 0.0 0.0 0.0 
0 0.0 0.0 0.0 0.0 0.0 0.0 0.0 
0 0.0 0.0 0.0 0.0 0.0 0.0 0.0 
0 0.0 0.0 0.0 0.0 0.0 0.0 0.0 
0 0.0 0.0 0.0 0.0 0.0 0.0 0.0 
0 0.0 0.0 0.0 0.0 0.0 0.0 0.0 
0 0.0 0.0 0.0 0.0 0.0 0.0 0.0 
0 0.0 10.0 0.0 0.0 0.0 -10.0 0.0 
0 0.0 10.0 -10.0 0.0 0.0 0.0 0.0 
0 0.0 0.0 0.0 0.0 0.0 0.0 0.0 
0 0.0 10.0 0.0 -10.000000000000004 0.0 0.0 0.0 
0 0.0 -6.383942690911337E-16 0.0 0.0 0.0 0.0 0.0 
0 0.0 0.0 0.0 0.0 0.0 0.0 0.0 
0 0.0 0.0 0.0 0.0 0.0 0.0 0.0 
0 0.0 2.9909462391330086 -2.9606763779269634 0.0 0.0 0.0 -0.03026986120602124 
0 -5.328833808111088 10.0 0.0 0.0 -4.671166191888912 0.0 0.0 
0 0.0 10.0 0.0 0.0 0.0 -10.000000000000004 0.0 
0 -9.923684157497805 10.0 0.0 0.0 0.0 0.0 -0.07631584250219564 
0 0.0 0.0 0.0 0.0 0.0 0.0 0.0 
0 0.0 0.0 0.0 0.0 0.0 0.0 0.0 
0 0.0 0.0 0.0 0.0 0.0 0.0 0.0 
0 0.0 0.00345860614255438 0.0 -0.003429335191365098 -2.927095118848624E-5 0.0 0.0 
0 0.0 10.0 0.0 0.0 0.0 -9.999999999999993 0.0 
0 0.0 10.0 -9.999999999999991 0.0 0.0 0.0 0.0 
0 0.0 10.0 0.0 0.0 0.0 -10.000000000000004 0.0 
0 0.0 10.0 0.0 0.0 0.0 0.0 -10.000000000000004 
0 0.0 0.0 0.0 0.0 0.0 0.0 0.0 
0 0.0 0.0 0.0 0.0 0.0 0.0 0.0 
0 -1.1758703630925844 10.0 -3.2270753044202163 -1.560863744289715 0.0 0.0 -4.03619058819749 
0 0.0 0.0 0.0 0.0 0.0 0.0 0.0 
0 0.0 10.0 -9.999999999999993 0.0 0.0 0.0 0.0 
0 0.0 0.0 0.0 0.0 0.0 0.0 0.0 
0 0.0 0.0 0.0 0.0 0.0 0.0 0.0 
0 0.0 0.0 0.0 0.0 0.0 0.0 0.0 
0 -0.1226154831914763 0.5715683640175313 -0.05300111250971702 -0.11567435854067322 -0.07652245030394887 -0.05460143084319403 -0.14915352862852047 
0 0.0 -1.4337344211070982E-14 0.0 0.0 0.0 0.0 0.0 
0 0.0 10.0 0.0 -1.3856707422626682 -8.614329257737316 0.0 0.0 
0 0.0 10.0 0.0 0.0 0.0 -10.000000000000002 0.0 
0 0.0 10.0 0.0 0.0 0.0 -10.000000000000004 0.0 
0 -0.16563161605752183 0.9360936273411498 -0.13290744562456114 -0.17136147634441715 -0.14329533423374052 -0.1280059750548411 -0.19489178002606825 
0 0.0 10.0 0.0 0.0 -9.999999999999995 0.0 0.0 
0 0.0 0.0 0.0 0.0 0.0 0.0 0.0 
0 0.0 10.0 0.0 0.0 0.0 -10.000000000000004 0.0 
0 0.0 10.0 0.0 0.0 0.0 0.0 -10.000000000000004 
0 -3.379023008783733 9.553967697804909 0.0 -1.7457863401395568 0.0 -2.698265630941573 -1.7308927179400349 
0 0.0 -5.04502556404732E-15 0.0 0.0 0.0 0.0 0.0 
0 0.0 0.0 0.0 0.0 0.0 0.0 0.0 
0 0.0 0.0 0.0 0.0 0.0 0.0 0.0 
0 0.0 0.0 0.0 0.0 0.0 0.0 0.0 
0 -9.99999999999999 10.0 0.0 0.0 0.0 0.0 0.0 
0 0.0 1.22917110314589 -1.229171103145886 0.0 0.0 0.0 0.0 
0 0.0 10.0 0.0 -9.999999999999964 0.0 0.0 0.0 
0 0.0 0.0 0.0 0.0 0.0 0.0 0.0 
0 0.0 0.0 0.0 0.0 0.0 0.0 0.0 
0 0.0 0.0 0.0 0.0 0.0 0.0 0.0 
0 0.0 8.081869258660289 0.0 0.0 0.0 -6.0455667715786605 -2.0363024870816346 
0 0.0 0.0 0.0 0.0 0.0 0.0 0.0 
0 0.0 10.0 0.0 0.0 0.0 -9.999999999999998 0.0 
0 0.0 0.0 0.0 0.0 0.0 0.0 0.0 
0 0.0 3.0750549179888816E-15 0.0 0.0 0.0 0.0 0.0 
0 0.0 10.0 -5.296741751263251 -1.4045420084226785 -3.2777586115170214 0.0 -0.020957628797042736 
0 -1.6075791603342264 2.741361073985674 0.0 -0.32568353249590715 -0.8080983811555421 0.0 0.0 
0 0.0 0.0 0.0 0.0 0.0 0.0 0.0 
0 0.0 0.0 0.0 0.0 0.0 0.0 0.0 
0 -0.0863169816448472 3.46938142983786 0.0 -0.20377858122556666 -0.9318981954085875 -2.024908724111113 -0.22247894744774382 
0 0.0 0.0 0.0 0.0 0.0 0.0 0.0 
0 0.0 0.0 0.0 0.0 0.0 0.0 0.0 
0 0.0 10.0 0.0 0.0 0.0 -10.0 0.0 
0 0.0 5.0832999632398765 -5.0832999632398606 0.0 0.0 0.0 0.0 
0 0.0 0.0 0.0 0.0 0.0 0.0 0.0 
0 0.0 3.158055732935276E-15 0.0 0.0 0.0 0.0 0.0 
0 0.0 0.0 0.0 0.0 0.0 0.0 0.0 
0 0.0 0.0 0.0 0.0 0.0 0.0 0.0 
0 0.0 0.0 0.0 0.0 0.0 0.0 0.0 
0 0.0 10.0 0.0 0.0 0.0 -10.000000000000004 0.0 
0 0.0 0.0 0.0 0.0 0.0 0.0 0.0 
0 0.0 10.0 -0.8088577000404977 -3.9522008450480706 -5.143871955282207 0.0 -0.09506949962922472 
0 0.0 0.0 0.0 0.0 0.0 0.0 0.0 
0 0.0 0.0 0.0 0.0 0.0 0.0 0.0 
0 0.0 0.0 0.0 0.0 0.0 0.0 0.0 
0 -7.298699420012707 10.0 0.0 0.0 0.0 -2.7013005799872887 0.0 
0 0.0 -9.456056001217272E-15 0.0 0.0 0.0 0.0 0.0 
0 0.0 10.0 0.0 0.0 0.0 -9.999999999999998 0.0 
0 0.0 0.0 0.0 0.0 0.0 0.0 0.0 
0 -0.22932101431476387 1.6999485014017945 -0.27610635181334986 -0.4135311464657386 -0.17824439789014895 -0.1653627419747635 -0.43738284894302815 
0 0.0 0.0 0.0 0.0 0.0 0.0 0.0 
0 0.0 0.0 0.0 0.0 0.0 0.0 0.0 
0 -2.1734688184790385 6.923654447954842 -0.37019169249476946 -0.22320324191534033 -2.9950706478207954 -1.1617200472448936 0.0 
0 0.0 0.0 0.0 0.0 0.0 0.0 0.0 
0 0.0 0.0 0.0 0.0 0.0 0.0 0.0 
0 0.0 0.0 0.0 0.0 0.0 0.0 0.0 
0 0.0 8.515155452886567 0.0 0.0 -8.515155452886573 0.0 0.0 
0 0.0 0.0 0.0 0.0 0.0 0.0 0.0 
0 0.0 0.0 0.0 0.0 0.0 0.0 0.0 
0 0.0 0.0 0.0 0.0 0.0 0.0 0.0 
0 0.0 0.0 0.0 0.0 0.0 0.0 0.0 
0 0.0 10.0 -10.000000000000002 0.0 0.0 0.0 0.0 
0 0.0 0.0 0.0 0.0 0.0 0.0 0.0 
0 0.0 5.2669515361229395 0.0 -0.8532779815776808 0.0 -4.413673554545256 0.0 
0 -0.6243081732986631 1.9337801058584552 0.0 -1.3094719325597934 0.0 0.0 0.0 
0 0.0 0.0 0.0 0.0 0.0 0.0 0.0 
0 0.0 10.0 0.0 0.0 0.0 0.0 -10.000000000000018 
0 -10.000000000000012 10.0 0.0 0.0 0.0 0.0 0.0 
0 0.0 2.1611490553571993 0.0 -0.02506255364580415 -0.10741149483629915 0.0 -2.0286750068750985 
0 0.0 0.0 0.0 0.0 0.0 0.0 0.0 
0 -0.41614124239080325 2.4438767121002147 0.0 -1.5208909932767565 0.0 0.0 -0.5068444764326547 
0 0.0 10.0 0.0 0.0 0.0 -9.999999999999995 0.0 
0 -2.6806650791932287 10.0 0.0 0.0 0.0 -7.319334920806757 0.0 
0 0.0 10.0 0.0 0.0 -10.0 0.0 0.0 
0 0.0 10.0 0.0 -1.4413924189984997 -6.455614523646753 -2.102993057354741 0.0 
0 0.0 10.0 0.0 -10.0 0.0 0.0 0.0 
0 0.0 0.0 0.0 0.0 0.0 0.0 0.0 
0 0.0 10.0 0.0 -10.000000000000002 0.0 0.0 0.0 
0 0.0 0.0 0.0 0.0 0.0 0.0 0.0 
0 0.0 -6.095444054102782E-15 0.0 0.0 0.0 0.0 0.0 
0 0.0 0.0 0.0 0.0 0.0 0.0 0.0 
0 0.0 0.0 0.0 0.0 0.0 0.0 0.0 
0 0.0 2.1711565738898094E-15 0.0 0.0 0.0 0.0 0.0 
0 -0.0019821309866521575 0.009166752594938703 0.0 -4.866400368006799E-4 -0.0013540243493518642 -0.005343957222136189 0.0 
0 -0.019395954649030534 0.10687479638678811 -0.01294531359786242 -0.019400017380709646 -0.016441017347735683 -0.012479247058614295 -0.02621324635283558 
0 -0.24726269855507696 5.944132862561815 0.0 0.0 -1.1422058046397863 -2.935289140416115 -1.6193752189508441 
0 0.0 1.005376246447537 0.0 0.0 0.0 0.0 -1.005376246447537 
0 0.0 0.0 0.0 0.0 0.0 0.0 0.0 
0 0.0 0.0 0.0 0.0 0.0 0.0 0.0 
0 0.0 0.0 0.0 0.0 0.0 0.0 0.0 
0 0.0 6.863158826087908E-16 0.0 0.0 0.0 0.0 0.0 
0 0.0 0.0 0.0 0.0 0.0 0.0 0.0 
0 0.0 9.058025446041198E-16 0.0 0.0 0.0 0.0 0.0 
0 0.0 0.0 0.0 0.0 0.0 0.0 0.0 
0 0.0 10.0 0.0 0.0 -9.999999999999993 0.0 0.0 
0 -0.14529312513773182 0.784392777330737 -0.1150296671484118 -0.1509834757890159 -0.10209396042549503 -0.09614605588525907 -0.17484649294482352 
0 0.0 10.0 0.0 0.0 -10.0 0.0 0.0 
0 0.0 0.0 0.0 0.0 0.0 0.0 0.0 
0 0.0 10.0 0.0 0.0 -9.848102943065394 0.0 -0.1518970569345843 
0 0.0 10.0 0.0 -10.000000000000009 0.0 0.0 0.0 
0 0.0 0.0 0.0 0.0 0.0 0.0 0.0 
0 0.0 0.0 0.0 0.0 0.0 0.0 0.0 
0 0.0 10.0 0.0 0.0 -10.000000000000002 0.0 0.0 
0 0.0 10.0 -2.1090301659301645 0.0 -7.717716201293534 0.0 -0.17325363277631056 
0 0.0 10.0 0.0 0.0 -9.999999999999995 0.0 0.0 
0 0.0 0.0 0.0 0.0 0.0 0.0 0.0 
0 -10.0 10.0 0.0 0.0 0.0 0.0 0.0 
0 0.0 0.0 0.0 0.0 0.0 0.0 0.0 
0 0.0 0.0 0.0 0.0 0.0 0.0 0.0 
0 -0.11247207320938987 0.5776846644062268 -0.07343573878098492 -0.112723363414544 -0.0782617680539199 -0.056211385284851756 -0.14458033566253728 
0 0.0 0.0 0.0 0.0 0.0 0.0 0.0 
0 0.0 1.4848507022659867E-15 0.0 0.0 0.0 0.0 0.0 
0 0.0 10.0 0.0 0.0 -10.000000000000002 0.0 0.0 
0 0.0 10.0 0.0 0.0 -9.73255637403414 -0.26744362596589 0.0 
0 0.0 0.0 0.0 0.0 0.0 0.0 0.0 
0 -0.5956537332403113 1.4806081927270558 0.0 0.0 0.0 0.0 -0.8849544594867333 
0 0.0 0.0 0.0 0.0 0.0 0.0 0.0 
0 0.0 10.0 0.0 0.0 -9.999999999999996 0.0 0.0 
0 0.0 10.0 0.0 0.0 -10.00000000000001 0.0 0.0 
0 0.0 10.0 0.0 0.0 0.0 -9.999999999999995 0.0 
0 0.0 0.0 0.0 0.0 0.0 0.0 0.0 
0 0.0 1.0414506190557172E-15 0.0 0.0 0.0 0.0 0.0 
0 0.0 10.0 0.0 0.0 0.0 -9.999999999999998 0.0 
0 0.0 0.0 0.0 0.0 0.0 0.0 0.0 
0 0.0 10.0 0.0 0.0 0.0 -10.000000000000012 0.0 
0 0.0 0.0 0.0 0.0 0.0 0.0 0.0 
0 0.0 9.462020708899326 0.0 -9.462020708899342 0.0 0.0 0.0 
0 0.0 10.0 0.0 -1.375698358321907 -8.624301641678091 0.0 0.0 
0 0.0 0.0 0.0 0.0 0.0 0.0 0.0 
0 0.0 0.0 0.0 0.0 0.0 0.0 0.0 
0 -0.30894993309628527 2.383572357674225 -0.41269611586457194 -0.44884349044937777 -0.37015940504745226 -0.36330415639718777 -0.4796192568193487 
0 0.0 10.0 0.0 0.0 0.0 -10.0 0.0 
0 0.0 1.4637477753932802 0.0 0.0 -0.35148452930495183 0.0 -1.1122632460883242 
0 0.0 10.0 0.0 0.0 -9.029009075038234 0.0 -0.9709909249617548 
0 -0.28902564090782057 1.703535062993627 -0.27042071678797514 -0.3018651748900248 -0.262684453827285 -0.2525266193334374 -0.3270124572470827 
0 0.0 10.0 0.0 0.0 -6.068646700785455 0.0 -3.9313532992145332 
0 0.0 10.0 0.0 0.0 -9.999999999999998 0.0 0.0 
0 0.0 10.0 0.0 0.0 0.0 0.0 -9.999999999999993 
0 0.0 10.0 0.0 0.0 -10.0 0.0 0.0 
0 -0.14538838657097855 0.7844237957499554 -0.11502993108941544 -0.15107254900166756 -0.10207937856182246 -0.09601009306235014 -0.17484345746372168 
0 -1.300620043479465 5.791664306446033 -0.15918160210909146 -1.2732948362568417 -1.5521254739351322 -1.5064423506655131 0.0 
0 0.0 10.0 -4.138912058446302 -0.9785974161713985 0.0 -2.62683957923999 -2.2556509461423238 
0 0.0 0.0 0.0 0.0 0.0 0.0 0.0 
0 -6.269866661116183 10.0 0.0 0.0 0.0 0.0 -3.7301333388838254 
0 0.0 0.0 0.0 0.0 0.0 0.0 0.0 
0 0.0 10.0 0.0 0.0 -10.000000000000002 0.0 0.0 
0 -10.000000000000005 10.0 0.0 0.0 0.0 0.0 0.0 
0 -0.7167179819580085 3.789935892117294 0.0 -0.9073985093240323 -0.7545299492741481 -0.6608341370100266 -0.7504553145510799 
0 0.0 -3.300909487426022E-15 0.0 0.0 0.0 0.0 0.0 
0 0.0 10.0 0.0 0.0 -9.999999999999996 0.0 0.0 
0 0.0 0.0 0.0 0.0 0.0 0.0 0.0 
0 -0.5961821406878983 2.506096361313243 -0.3386160231882295 0.0 -0.5648118630944928 -0.0915269391219344 -0.9149593952206916 
0 0.0 0.0 0.0 0.0 0.0 0.0 0.0 
0 0.0 0.0 0.0 0.0 0.0 0.0 0.0 
0 0.0 0.0 0.0 0.0 0.0 0.0 0.0 
0 0.0 0.0 0.0 0.0 0.0 0.0 0.0 
0 -0.145180641596324 0.7852663417174931 -0.11556145091394047 -0.1509532452152648 -0.10216723655979354 -0.09632681112129216 -0.17507695631087888 
0 0.0 0.0 0.0 0.0 0.0 0.0 0.0 
0 0.0 9.029057713881851 -9.029057713881851 0.0 0.0 0.0 0.0 
0 0.0 0.0 0.0 0.0 0.0 0.0 0.0 
0 -10.000000000000004 10.0 0.0 0.0 0.0 0.0 0.0 
0 0.0 0.0 0.0 0.0 0.0 0.0 0.0 
0 0.0 10.0 0.0 0.0 0.0 -10.0 0.0 
0 0.0 0.0 0.0 0.0 0.0 0.0 0.0 
0 0.0 0.0 0.0 0.0 0.0 0.0 0.0 
0 0.0 1.3323566718191182E-15 0.0 0.0 0.0 0.0 0.0 
0 -9.999999999999998 10.0 0.0 0.0 0.0 0.0 0.0 
0 0.0 0.0 0.0 0.0 0.0 0.0 0.0 
0 0.0 0.0 0.0 0.0 0.0 0.0 0.0 
0 0.0 0.0 0.0 0.0 0.0 0.0 0.0 
0 0.0 0.0 0.0 0.0 0.0 0.0 0.0 
0 -7.019834378245969 10.0 0.0 0.0 -2.980165621754026 0.0 0.0 
0 -0.06463171265664289 0.09582647576142782 0.0 0.0 0.0 -0.03119476310478413 0.0 
0 -5.998416231420272 7.554380786619987 0.0 0.0 0.0 -0.1844171459746817 -1.3715474092250381 
0 0.0 0.0 0.0 0.0 0.0 0.0 0.0 
0 -0.14529727097501527 0.7855119434970255 -0.11567903319169037 -0.15105477299133824 -0.1023313974620623 -0.09598527013327147 -0.1751641987436475 
0 0.0 10.0 -5.040015699136365 0.0 -4.9599843008636375 0.0 0.0 
0 0.0 0.0 0.0 0.0 0.0 0.0 0.0 
0 -0.14526591610926648 0.7854465475238115 -0.11571071085170434 -0.15105413327043865 -0.102077332003198 -0.09646002656932204 -0.17487842871988235 
0 0.0 1.8233393022553115 0.0 0.0 -1.8233393022553106 0.0 0.0 
0 0.0 0.0 0.0 0.0 0.0 0.0 0.0 
0 -0.24179169768531195 1.5972992040166474 -0.25977884571235266 -0.32272079010418464 -0.21773001702354575 -0.18101540588583415 -0.3742624476054195 
0 0.0 0.0 0.0 0.0 0.0 0.0 0.0 
0 -0.14521381164990196 0.7852986394430548 -0.11560336231549877 -0.1509439732203384 -0.10241268393142317 -0.09603363927089638 -0.175091169054996 
0 0.0 10.0 0.0 0.0 0.0 -9.999999999999993 0.0 
0 -1.2721001765977626 10.0 0.0 -2.3515373086757165 -4.699046705181671 0.0 -1.6773158095448468 
0 0.0 10.0 0.0 -10.000000000000009 0.0 0.0 0.0 
0 0.0 4.582401568720988 0.0 0.0 -4.582401568720988 0.0 0.0 
0 0.0 -5.841747121777458E-15 0.0 0.0 0.0 0.0 0.0 
0 0.0 0.0 0.0 0.0 0.0 0.0 0.0 
0 0.0 0.0 0.0 0.0 0.0 0.0 0.0 
0 0.0 0.0 0.0 0.0 0.0 0.0 0.0 
0 0.0 10.0 0.0 -10.0 0.0 0.0 0.0 
0 -9.999999999999993 10.0 0.0 0.0 0.0 0.0 0.0 
0 0.0 0.0 0.0 0.0 0.0 0.0 0.0 
0 0.0 0.0 0.0 0.0 0.0 0.0 0.0 
0 -0.11679452892171253 0.5863327100019996 -0.07764498549593625 -0.10831560351994698 -0.07324557567953631 -0.06345449907450768 -0.14687751731035867 
0 -0.14522030004458983 0.7848270976095992 -0.11563503503434196 -0.15087072241517516 -0.10202700576036285 -0.09600657070354056 -0.17506746365158976 
0 0.0 5.568095089532804E-15 0.0 0.0 0.0 0.0 0.0 
0 0.0 10.0 0.0 -9.999999999999998 0.0 0.0 0.0 
0 -0.2722678471545677 1.2648375704682489 -0.9925697233136801 0.0 0.0 0.0 0.0 
0 0.0 0.0 0.0 0.0 0.0 0.0 0.0 
0 -1.5157228924182284E-4 0.0023583708160226265 0.0 0.0 0.0 -0.0016916171748670768 -5.151813519137265E-4 
0 0.0 10.0 0.0 0.0 -10.000000000000002 0.0 0.0 
0 0.0 4.8083022297941564 0.0 0.0 0.0 -4.808302229794171 0.0 
0 0.0 0.0 0.0 0.0 0.0 0.0 0.0 
0 0.0 8.195945881700616E-16 0.0 0.0 0.0 0.0 0.0 
0 -1.5337677865258181 6.512508293114773 -1.0159187165846917 -1.0747258987660697 -0.5999939945504698 -1.059647357283482 -1.228454539404252 
0 -10.000000000000009 10.0 0.0 0.0 0.0 0.0 0.0 
0 0.0 0.0 0.0 0.0 0.0 0.0 0.0 
0 0.0 0.0 0.0 0.0 0.0 0.0 0.0 
0 0.0 10.0 0.0 0.0 -10.000000000000002 0.0 0.0 
0 0.0 0.0 0.0 0.0 0.0 0.0 0.0 
0 0.0 -1.3317626988324441E-15 0.0 0.0 0.0 0.0 0.0 
0 0.0 10.0 0.0 0.0 -0.09689693311529428 -9.903103066884716 0.0 
0 -9.999999999999996 10.0 0.0 0.0 0.0 0.0 0.0 
0 0.0 0.0 0.0 0.0 0.0 0.0 0.0 
0 -0.19360412733341253 1.0630671953479172 -0.1525983290070216 -0.20509247006191253 -0.1424307528577713 -0.12108358274328813 -0.2482579333445114 
0 0.0 10.0 0.0 -10.0 0.0 0.0 0.0 
0 0.0 0.0 0.0 0.0 0.0 0.0 0.0 
0 0.0 0.018769818243232855 -0.0035792959055765995 -0.005311671414443623 -8.35066120667624E-4 -0.009040079530114977 -3.70527243241674E-6 
0 0.0 0.0 0.0 0.0 0.0 0.0 0.0 
0 0.0 0.0 0.0 0.0 0.0 0.0 0.0 
0 0.0 0.0 0.0 0.0 0.0 0.0 0.0 
0 0.0 0.0 0.0 0.0 0.0 0.0 0.0 
0 0.0 1.512093499155561E-14 0.0 0.0 0.0 0.0 0.0 
0 0.0 0.0 0.0 0.0 0.0 0.0 0.0 
0 0.0 0.0 0.0 0.0 0.0 0.0 0.0 
0 0.0 0.0 0.0 0.0 0.0 0.0 0.0 
0 0.0 7.225536950541026 0.0 0.0 0.0 -7.225536950541026 0.0 
0 0.0 4.247504899594994 -4.18486888457977 0.0 0.0 -0.06263601501522899 0.0 
0 0.0 0.0 0.0 0.0 0.0 0.0 0.0 
0 -0.12322020696866315 0.5833070859563809 -0.07395752685546855 -0.10918361360848362 -0.07427604821700634 -0.052563712693960436 -0.15010597761279995 
0 -4.270335544554167E-4 0.009269251433817741 -0.004282211701153252 0.0 -0.0024187477824602825 -0.0021412583957483933 0.0 
0 0.0 -1.2390580368856415E-15 0.0 0.0 0.0 0.0 0.0 
0 -9.999999999999977 10.0 0.0 0.0 0.0 0.0 0.0 
0 0.0 0.0 0.0 0.0 0.0 0.0 0.0 
0 0.0 10.0 0.0 -1.8423984216628004 -7.417264885101856 0.0 -0.740336693235341 
0 0.0 10.0 -5.397175606904219 -4.602824393095767 0.0 0.0 0.0 
0 0.0 10.0 0.0 0.0 0.0 0.0 -10.000000000000012 
0 0.0 0.0 0.0 0.0 0.0 0.0 0.0 
0 0.0 10.0 0.0 -2.9681554455567563 0.0 -7.031844554443245 0.0 
0 0.0 0.0 0.0 0.0 0.0 0.0 0.0 
0 0.0 10.0 0.0 0.0 0.0 -10.000000000000004 0.0 
0 0.0 0.0 0.0 0.0 0.0 0.0 0.0 
0 0.0 9.579122435490147 -8.885701625309823 0.0 -0.693420810180325 0.0 0.0 
0 0.0 0.7058605928808661 0.0 -0.2311495035376337 -0.21749056390958907 0.0 -0.2572205254336447 
0 0.0 0.0 0.0 0.0 0.0 0.0 0.0 
0 0.0 0.0 0.0 0.0 0.0 0.0 0.0 
0 0.0 -1.1996042596513177E-14 0.0 0.0 0.0 0.0 0.0 
0 0.0 0.0 0.0 0.0 0.0 0.0 0.0 
0 0.0 0.0 0.0 0.0 0.0 0.0 0.0 
0 0.0 0.17740407024748311 -0.17740407024748447 0.0 0.0 0.0 0.0 
0 -0.14516181596117558 0.7852498749125238 -0.11563250178842584 -0.150927511111666 -0.10220782813507612 -0.09630804209814407 -0.1750121758180346 
0 -2.887422031040795 10.0 -0.32549669174609347 -0.6121764437108268 -5.207742434305211 -0.3975569506721198 -0.5696054485249543 
0 0.0 10.0 -9.570715741382411 0.0 -0.42928425861758557 0.0 0.0 
0 -0.2989428608111521 1.7525119950830008 -0.2774286514487221 -0.3134700358270667 -0.2662084935145415 -0.25731518875698406 -0.3391467647245329 
0 0.0 0.36769458328746724 -0.36769458328746724 0.0 0.0 0.0 0.0 
0 0.0 0.0 0.0 0.0 0.0 0.0 0.0 
0 0.0 1.6469988206331003 0.0 -0.6683444262247481 -0.9786543944083512 0.0 0.0 
0 0.0 10.0 -10.000000000000014 0.0 0.0 0.0 0.0 
0 0.0 0.0 0.0 0.0 0.0 0.0 0.0 
0 0.0 1.2820832293640457E-15 0.0 0.0 0.0 0.0 0.0 
0 0.0 0.0 0.0 0.0 0.0 0.0 0.0 
0 0.0 0.0 0.0 0.0 0.0 0.0 0.0 
0 0.0 9.312886054979764 -8.710343076029378 -0.6025429789503831 0.0 0.0 0.0 
0 0.0 5.948083872920811E-16 0.0 0.0 0.0 0.0 0.0 
0 -2.9939082306598865 10.0 0.0 -7.0060917693401095 0.0 0.0 0.0 
0 0.0 0.0 0.0 0.0 0.0 0.0 0.0 
0 0.0 0.0 0.0 0.0 0.0 0.0 0.0 
0 0.0 -2.6489559295246998E-15 0.0 0.0 0.0 0.0 0.0 
0 0.0 2.2078768090983663 0.0 0.0 0.0 -2.2078768090983663 0.0 
0 0.0 0.07110648384369034 -0.07110648384369117 0.0 0.0 0.0 0.0 
0 -0.14536855804836385 0.784573918546276 -0.11513221155420014 -0.15115536286485065 -0.10213967272659004 -0.09591933728628416 -0.17485877606598732 
0 -0.14527239618775575 0.7842775058379934 -0.1152298012471536 -0.1510917487769154 -0.10217736996061662 -0.09581763731270108 -0.17468855235285236 
0 -0.14516997990187325 0.785183656271 -0.11565618162302273 -0.15094856832507939 -0.1020368101522335 -0.0962657559157412 -0.1751063603530476 
0 0.0 0.0 0.0 0.0 0.0 0.0 0.0 
0 -10.000000000000014 10.0 0.0 0.0 0.0 0.0 0.0 
0 0.0 0.0 0.0 0.0 0.0 0.0 0.0 
0 0.0 0.0 0.0 0.0 0.0 0.0 0.0 
0 0.0 6.748243751430505 0.0 0.0 0.0 -6.510106734041986 -0.2381370173885081 
0 -0.1451948082465689 0.7853114446717273 -0.11555889604385951 -0.1509739233202975 -0.10216716162253307 -0.096398250879769 -0.17501840455869952 
0 0.0 0.0 0.0 0.0 0.0 0.0 0.0 
5 0.0 -9.999999999999972 10.0 0.0 0.0 0.0 0.0 
5 -9.999999999999996 0.0 10.0 0.0 0.0 0.0 0.0 
5 -5.550010827651451 0.0 5.550010827651446 0.0 0.0 0.0 0.0 
5 0.0 0.0 0.0 0.0 0.0 0.0 0.0 
5 0.0 0.0 0.0 0.0 0.0 0.0 0.0 
5 0.0 0.0 2.3534646435189307E-15 0.0 0.0 0.0 0.0 
5 0.0 0.0 0.0 0.0 0.0 0.0 0.0 
5 -4.525297729050458 0.0 10.0 0.0 0.0 0.0 -5.474702270949558 
5 0.0 0.0 0.0 0.0 0.0 0.0 0.0 
5 0.0 0.0 10.0 -10.00000000000002 0.0 0.0 0.0 
5 0.0 0.0 0.0 0.0 0.0 0.0 0.0 
5 0.0 0.0 0.0 0.0 0.0 0.0 0.0 
5 -0.6211704390894938 -0.39710090294545425 3.708541712921953 -1.3417566415197997 -1.3485137293672098 0.0 0.0 
5 0.0 0.0 0.0 0.0 0.0 0.0 0.0 
5 0.0 0.0 0.0 0.0 0.0 0.0 0.0 
5 0.0 0.0 0.0 0.0 0.0 0.0 0.0 
5 0.0 0.0 0.0 0.0 0.0 0.0 0.0 
5 -2.915551697278154 0.0 10.0 0.0 -3.4286126838600204 -3.655835618861823 0.0 
5 0.0 0.0 0.0 0.0 0.0 0.0 0.0 
5 0.0 0.0 2.784583251457059E-15 0.0 0.0 0.0 0.0 
5 0.0 0.0 10.0 0.0 0.0 -10.000000000000004 0.0 
5 -9.999999999999993 0.0 10.0 0.0 0.0 0.0 0.0 
5 0.0 0.0 0.0 0.0 0.0 0.0 0.0 
5 0.0 0.0 0.0 0.0 0.0 0.0 0.0 
5 0.0 0.0 0.0 0.0 0.0 0.0 0.0 
5 0.0 -10.000000000000021 10.0 0.0 0.0 0.0 0.0 
5 -10.00000000000003 0.0 10.0 0.0 0.0 0.0 0.0 
5 0.0 0.0 8.869128670889072 0.0 0.0 0.0 -8.869128670889072 
5 0.0 0.0 10.0 0.0 0.0 -5.492257016768251 -4.507742983231753 
5 -0.9306121414800507 -8.991731540457199 9.922343681937235 0.0 0.0 0.0 0.0 
5 0.0 0.0 0.0 0.0 0.0 0.0 0.0 
5 0.0 -10.000000000000027 10.0 0.0 0.0 0.0 0.0 
5 -6.198483955932321 0.0 6.316131388070186 0.0 0.0 0.0 -0.11764743213786492 
5 0.0 0.0 10.0 0.0 -9.999999999999996 0.0 0.0 
5 0.0 0.0 0.0 0.0 0.0 0.0 0.0 
5 0.0 0.0 10.0 -10.000000000000005 0.0 0.0 0.0 
5 0.0 0.0 0.0 0.0 0.0 0.0 0.0 
5 0.0 0.0 5.068582278548859 -4.748802923315096 -0.3197793552337631 0.0 0.0 
5 0.0 0.0 0.0 0.0 0.0 0.0 0.0 
5 0.0 0.0 0.0 0.0 0.0 0.0 0.0 
5 0.0 0.0 0.0 0.0 0.0 0.0 0.0 
5 0.0 0.0 0.0 0.0 0.0 0.0 0.0 
5 -9.999999999999991 0.0 10.0 0.0 0.0 0.0 0.0 
5 0.0 0.0 0.0 0.0 0.0 0.0 0.0 
5 0.0 0.0 0.0 0.0 0.0 0.0 0.0 
5 0.0 0.0 0.0 0.0 0.0 0.0 0.0 
5 0.0 0.0 0.0 0.0 0.0 0.0 0.0 
5 0.0 0.0 10.0 0.0 -5.816172454467888 0.0 -4.183827545532062 
5 0.0 0.0 0.0 0.0 0.0 0.0 0.0 
5 0.0 0.0 0.0 0.0 0.0 0.0 0.0 
5 0.0 0.0 0.0 0.0 0.0 0.0 0.0 
5 0.0 0.0 0.0 0.0 0.0 0.0 0.0 
5 -9.999999999999991 0.0 10.0 0.0 0.0 0.0 0.0 
5 0.0 -2.427581992152749 5.8104423350509995 -3.311388849072639 -0.07147149382561434 0.0 0.0 
5 -0.16697084393268175 -0.12876392032853393 1.0261893679639502 -0.17477512370494272 -0.18580176897264955 -0.18211824014773006 -0.18775947087741215 
5 -9.999999999999982 0.0 10.0 0.0 0.0 0.0 0.0 
5 -10.000000000000005 0.0 10.0 0.0 0.0 0.0 0.0 
5 0.0 -10.000000000000016 10.0 0.0 0.0 0.0 0.0 
5 0.0 0.0 0.0 0.0 0.0 0.0 0.0 
5 0.0 0.0 0.0 0.0 0.0 0.0 0.0 
5 0.0 0.0 0.0 0.0 0.0 0.0 0.0 
5 0.0 0.0 0.0 0.0 0.0 0.0 0.0 
5 0.0 0.0 0.0 0.0 0.0 0.0 0.0 
5 0.0 0.0 0.0 0.0 0.0 0.0 0.0 
5 0.0 0.0 9.795168747061947 0.0 -2.9554048931859533 -2.0164859421543784 -4.823277911721588 
5 0.0 0.0 0.0 0.0 0.0 0.0 0.0 
5 0.0 0.0 5.700161678954868 0.0 -5.700161678954885 0.0 0.0 
5 0.0 0.0 0.0 0.0 0.0 0.0 0.0 
5 0.0 0.0 0.0 0.0 0.0 0.0 0.0 
5 0.0 0.0 0.0 0.0 0.0 0.0 0.0 
5 0.0 0.0 0.0 0.0 0.0 0.0 0.0 
5 0.0 0.0 0.0 0.0 0.0 0.0 0.0 
5 0.0 0.0 10.0 0.0 0.0 0.0 -10.000000000000025 
5 0.0 0.0 0.0 0.0 0.0 0.0 0.0 
5 0.0 0.0 0.0 0.0 0.0 0.0 0.0 
5 0.0 0.0 0.0 0.0 0.0 0.0 0.0 
5 0.0 0.0 0.1937411208772829 0.0 0.0 0.0 -0.19374112087729653 
5 -9.51160610990844 0.0 10.0 0.0 -0.4883938900915713 0.0 0.0 
5 0.0 0.0 10.0 0.0 -5.87805470522488 -4.1219452947751245 0.0 
5 0.0 0.0 2.6948525400274472 0.0 0.0 0.0 -2.6948525400274757 
5 0.0 0.0 0.0 0.0 0.0 0.0 0.0 
5 0.0 0.0 0.0 0.0 0.0 0.0 0.0 
5 -9.999999999999996 0.0 10.0 0.0 0.0 0.0 0.0 
5 0.0 0.0 0.0 0.0 0.0 0.0 0.0 
5 -0.14756794793374986 -0.15798055474096231 1.4916303425353028 -0.028701054699609936 -0.7802841417856495 -0.25829721193571636 -0.11879943143961116 
5 0.0 0.0 0.0 0.0 0.0 0.0 0.0 
5 0.0 0.0 10.0 -9.999999999999986 0.0 0.0 0.0 
5 -9.999999999999995 0.0 10.0 0.0 0.0 0.0 0.0 
5 0.0 0.0 0.0 0.0 0.0 0.0 0.0 
5 0.0 0.0 10.0 -6.014391513589204 0.0 0.0 -3.985608486410807 
5 0.0 0.0 0.0 0.0 0.0 0.0 0.0 
5 0.0 0.0 0.0 0.0 0.0 0.0 0.0 
5 0.0 0.0 0.0 0.0 0.0 0.0 0.0 
5 0.0 0.0 0.0 0.0 0.0 0.0 0.0 
5 -2.1462966436819317 -7.85370335631807 10.0 0.0 0.0 0.0 0.0 
5 0.0 0.0 0.0 0.0 0.0 0.0 0.0 
5 0.0 0.0 0.0 0.0 0.0 0.0 0.0 
5 0.0 0.0 0.0 0.0 0.0 0.0 0.0 
5 0.0 0.0 0.0 0.0 0.0 0.0 0.0 
5 0.0 0.0 0.0 0.0 0.0 0.0 0.0 
5 0.0 0.0 0.0 0.0 0.0 0.0 0.0 
5 -0.16665713211774572 -0.12881383450500386 1.0261013810218569 -0.1748401737551048 -0.18595481725608037 -0.18212515023331793 -0.1877102731546035 
5 -10.000000000000036 0.0 10.0 0.0 0.0 0.0 0.0 
5 0.0 -10.000000000000007 10.0 0.0 0.0 0.0 0.0 
5 0.0 -9.999999999999991 10.0 0.0 0.0 0.0 0.0 
5 0.0 0.0 10.0 0.0 -10.0 0.0 0.0 
5 0.0 0.0 10.0 -5.6305161705577715 -4.3694838294422285 0.0 0.0 
5 0.0 0.0 0.0 0.0 0.0 0.0 0.0 
5 -1.095880571631959 0.0 8.521708746020268 0.0 -5.564298737350278 -0.8938375518382562 -0.9676918851997726 
5 0.0 0.0 0.0 0.0 0.0 0.0 0.0 
5 0.0 0.0 0.0 0.0 0.0 0.0 0.0 
5 0.0 0.0 0.0 0.0 0.0 0.0 0.0 
5 0.0 0.0 0.0 0.0 0.0 0.0 0.0 
5 0.0 0.0 0.0 0.0 0.0 0.0 0.0 
5 0.0 0.0 0.0 0.0 0.0 0.0 0.0 
5 0.0 0.0 0.0 0.0 0.0 0.0 0.0 
5 0.0 0.0 0.0 0.0 0.0 0.0 0.0 
5 0.0 0.0 0.0 0.0 0.0 0.0 0.0 
5 -9.999999999999995 0.0 10.0 0.0 0.0 0.0 0.0 
5 0.0 -9.999999999999986 10.0 0.0 0.0 0.0 0.0 
5 0.0 0.0 0.0 0.0 0.0 0.0 0.0 
5 0.0 0.0 8.521144084752477E-15 0.0 0.0 0.0 0.0 
5 0.0 0.0 0.0 0.0 0.0 0.0 0.0 
5 0.0 0.0 10.0 0.0 -10.000000000000005 0.0 0.0 
5 0.0 0.0 10.0 -5.004516016986771 0.0 -3.456355182865609 -1.5391288001476184 
5 0.0 0.0 0.0 0.0 0.0 0.0 0.0 
5 0.0 -10.000000000000004 10.0 0.0 0.0 0.0 0.0 
5 0.0 0.0 0.0 0.0 0.0 0.0 0.0 
5 0.0 0.0 0.0 0.0 0.0 0.0 0.0 
5 0.0 0.0 0.0 0.0 0.0 0.0 0.0 
5 -5.443148478900385 0.0 10.0 0.0 -4.55685152109961 0.0 0.0 
5 0.0 0.0 0.0 0.0 0.0 0.0 0.0 
5 0.0 0.0 0.0 0.0 0.0 0.0 0.0 
5 0.0 0.0 0.0 0.0 0.0 0.0 0.0 
5 0.0 0.0 0.0 0.0 0.0 0.0 0.0 
5 0.0 -10.000000000000002 10.0 0.0 0.0 0.0 0.0 
5 0.0 0.0 1.2986111994807052 -0.5138760398712192 0.0 -0.3105005426794449 -0.4742346169300411 
5 0.0 0.0 0.0 0.0 0.0 0.0 0.0 
5 0.0 0.0 0.0 0.0 0.0 0.0 0.0 
5 0.0 0.0 0.0 0.0 0.0 0.0 0.0 
5 0.0 0.0 0.0 0.0 0.0 0.0 0.0 
5 0.0 0.0 0.0 0.0 0.0 0.0 0.0 
5 0.0 0.0 0.0 0.0 0.0 0.0 0.0 
5 0.0 0.0 0.0 0.0 0.0 0.0 0.0 
5 0.0 0.0 0.0 0.0 0.0 0.0 0.0 
5 0.0 0.0 0.0 0.0 0.0 0.0 0.0 
5 0.0 0.0 10.0 0.0 -8.106555622920352 0.0 -1.8934443770796416 
5 0.0 0.0 1.6313871830811408 0.0 -1.6313871830811577 0.0 0.0 
5 0.0 0.0 0.0 0.0 0.0 0.0 0.0 
5 -0.2787121548711199 0.0 10.0 -7.555504730792773 -0.8242042395683705 -0.4983188537452784 -0.8432600210224559 
5 0.0 0.0 0.0 0.0 0.0 0.0 0.0 
5 0.0 0.0 0.0 0.0 0.0 0.0 0.0 
5 0.0 -1.0101062614085754 1.0101062614085754 0.0 0.0 0.0 0.0 
5 0.0 0.0 0.0 0.0 0.0 0.0 0.0 
5 0.0 0.0 10.0 -10.000000000000002 0.0 0.0 0.0 
5 0.0 0.0 10.0 -10.0 0.0 0.0 0.0 
5 0.0 -10.0 10.0 0.0 0.0 0.0 0.0 
5 -0.4224786631764082 -0.5756057450359227 3.6390342619238907 -1.1187248744282163 0.0 -0.4469251328929137 -1.0752998463904297 
5 0.0 -9.999999999999996 10.0 0.0 0.0 0.0 0.0 
5 0.0 0.0 0.11958229348312172 -0.11958229348311439 0.0 0.0 0.0 
5 0.0 0.0 0.0 0.0 0.0 0.0 0.0 
5 0.0 -10.000000000000002 10.0 0.0 0.0 0.0 0.0 
5 0.0 0.0 7.369043872598836E-15 0.0 0.0 0.0 0.0 
5 0.0 0.0 0.0 0.0 0.0 0.0 0.0 
5 0.0 0.0 0.0 0.0 0.0 0.0 0.0 
5 0.0 0.0 10.0 0.0 -9.999999999999995 0.0 0.0 
5 0.0 0.0 0.0 0.0 0.0 0.0 0.0 
5 0.0 0.0 0.0 0.0 0.0 0.0 0.0 
5 0.0 0.0 0.0 0.0 0.0 0.0 0.0 
5 0.0 0.0 0.0 0.0 0.0 0.0 0.0 
5 0.0 0.0 0.0 0.0 0.0 0.0 0.0 
5 0.0 0.0 -1.4699710283978773E-14 0.0 0.0 0.0 0.0 
5 0.0 0.0 9.930518448671432 0.0 0.0 -9.930518448671403 0.0 
5 0.0 0.0 0.0 0.0 0.0 0.0 0.0 
5 0.0 0.0 0.0 0.0 0.0 0.0 0.0 
5 -10.0 0.0 10.0 0.0 0.0 0.0 0.0 
5 0.0 0.0 0.0 0.0 0.0 0.0 0.0 
5 0.0 0.0 0.0 0.0 0.0 0.0 0.0 
5 -0.1665934010581075 -0.1287431194612271 1.0257550359442815 -0.17463259355308802 -0.1857740254640502 -0.1821542426785702 -0.18785765372923796 
5 0.0 0.0 0.0 0.0 0.0 0.0 0.0 
5 0.0 0.0 0.18136143213032463 0.0 0.0 -0.18136143213031933 0.0 
5 0.0 0.0 0.0 0.0 0.0 0.0 0.0 
5 0.0 0.0 8.24522987182335 0.0 0.0 -8.24522987182335 0.0 
5 0.0 -10.000000000000037 10.0 0.0 0.0 0.0 0.0 
5 0.0 0.0 0.0 0.0 0.0 0.0 0.0 
5 0.0 0.0 0.0 0.0 0.0 0.0 0.0 
5 0.0 0.0 0.0 0.0 0.0 0.0 0.0 
5 0.0 0.0 0.0 0.0 0.0 0.0 0.0 
5 0.0 0.0 0.0 0.0 0.0 0.0 0.0 
5 0.0 -9.999999999999995 10.0 0.0 0.0 0.0 0.0 
5 0.0 0.0 8.908178339681356E-16 0.0 0.0 0.0 0.0 
5 -10.000000000000002 0.0 10.0 0.0 0.0 0.0 0.0 
5 -7.644768994649731 0.0 10.0 0.0 -2.3552310053502543 0.0 0.0 
5 0.0 0.0 -1.875266923991122E-15 0.0 0.0 0.0 0.0 
5 0.0 0.0 0.0 0.0 0.0 0.0 0.0 
5 0.0 -9.941137759094989 10.0 0.0 0.0 0.0 -0.05886224090501751 
5 -0.16670121025502166 -0.12881810575774613 1.0258530688723972 -0.17472297386885452 -0.18564376868281132 -0.18205403155783906 -0.18791297875012525 
5 0.0 0.0 0.5572119281101652 -0.13208920226846463 -0.011986769469118077 -0.29898358537163444 -0.11415237100095 
5 0.0 0.0 0.0 0.0 0.0 0.0 0.0 
5 -6.326791139220912 0.0 10.0 0.0 0.0 -3.6732088607790954 0.0 
5 0.0 -9.999999999999998 10.0 0.0 0.0 0.0 0.0 
5 -0.012812224443097021 -0.007289555654263247 10.0 -9.898175044447505 -0.024696738843155663 -0.029911571582713938 -0.027114865029266976 
5 0.0 0.0 0.0 0.0 0.0 0.0 0.0 
5 0.0 0.0 -1.707923264487562E-14 0.0 0.0 0.0 0.0 
5 0.0 0.0 0.0 0.0 0.0 0.0 0.0 
5 0.0 -10.000000000000044 10.0 0.0 0.0 0.0 0.0 
5 0.0 0.0 0.0 0.0 0.0 0.0 0.0 
5 0.0 -9.999999999999998 10.0 0.0 0.0 0.0 0.0 
5 0.0 0.0 0.0 0.0 0.0 0.0 0.0 
5 0.0 0.0 0.0 0.0 0.0 0.0 0.0 
6 0.0 0.0 0.0 10.0 -9.999999999999996 0.0 0.0 
6 -1.0679220428609633 -3.375713323773145 0.0 10.0 -2.932086177685514 0.0 -2.624278455680374 
6 0.0 0.0 0.0 -1.5685063883539299E-15 0.0 0.0 0.0 
6 0.0 -10.0 0.0 10.0 0.0 0.0 0.0 
6 0.0 0.0 0.0 0.3910792691320111 0.0 -0.39107926913201463 0.0 
6 0.0 0.0 0.0 0.0 0.0 0.0 0.0 
6 -4.569356240614308 0.0 0.0 10.0 0.0 -5.430643759385682 0.0 
6 -2.2026604856104344 0.0 0.0 2.2026604856104344 0.0 0.0 0.0 
6 0.0 -10.000000000000012 0.0 10.0 0.0 0.0 0.0 
6 0.0 0.0 0.0 10.0 -10.0 0.0 0.0 
6 0.0 0.0 0.0 10.0 -7.667531649300328 0.0 -2.332468350699684 
6 0.0 0.0 0.0 0.0 0.0 0.0 0.0 
6 0.0 0.0 0.0 0.5526641951355996 0.0 -0.5526641951355996 0.0 
6 0.0 -10.000000000000005 0.0 10.0 0.0 0.0 0.0 
6 0.0 0.0 0.0 10.0 -9.999999999999996 0.0 0.0 
6 0.0 0.0 -0.924819481539811 10.0 -0.8565624739746261 0.0 -8.218618044485526 
6 0.0 0.0 0.0 10.0 0.0 -9.999999999999996 0.0 
6 0.0 0.0 0.0 10.0 0.0 0.0 -10.000000000000002 
6 0.0 0.0 0.0 0.0 0.0 0.0 0.0 
6 0.0 -3.740007864952808 0.0 10.0 0.0 0.0 -6.259992135047215 
6 0.0 0.0 0.0 10.0 0.0 0.0 -10.00000000000001 
6 0.0 -9.137165182123168 0.0 10.0 0.0 0.0 -0.8628348178768178 
6 -9.999999999999952 0.0 0.0 10.0 0.0 0.0 0.0 
6 -10.000000000000014 0.0 0.0 10.0 0.0 0.0 0.0 
6 -10.000000000000032 0.0 0.0 10.0 0.0 0.0 0.0 
6 0.0 0.0 0.0 10.0 0.0 0.0 -9.999999999999973 
6 0.0 0.0 0.0 0.0 0.0 0.0 0.0 
6 0.0 0.0 0.0 0.0 0.0 0.0 0.0 
6 0.0 0.0 0.0 0.0 0.0 0.0 0.0 
6 0.0 0.0 0.0 0.0 0.0 0.0 0.0 
6 0.0 0.0 0.0 0.0 0.0 0.0 0.0 
6 0.0 0.0 0.0 0.0 0.0 0.0 0.0 
6 -0.18974476078462957 0.0 0.0 0.6594577403504437 0.0 -0.46971297956581864 0.0 
6 0.0 0.0 0.0 -3.507717313950278E-15 0.0 0.0 0.0 
6 0.0 0.0 0.0 0.0 0.0 0.0 0.0 
6 0.0 0.0 0.0 1.8508113839154566E-15 0.0 0.0 0.0 
6 0.0 0.0 -9.99999999999999 10.0 0.0 0.0 0.0 
6 0.0 -10.00000000000001 0.0 10.0 0.0 0.0 0.0 
6 0.0 0.0 0.0 4.354487556812923E-15 0.0 0.0 0.0 
6 0.0 -4.69000582771496 0.0 10.0 -5.309994172285041 0.0 0.0 
6 0.0 0.0 0.0 0.0 0.0 0.0 0.0 
6 0.0 0.0 0.0 0.0 0.0 0.0 0.0 
6 -0.27991135300374226 0.0 0.0 1.2193179065409747 -0.5585409648504567 -0.3808655886867768 0.0 
6 0.0 0.0 -1.9643270695291526 9.71003844923472 -2.9288129677988772 -0.9429570155949137 -3.8739413963117753 
6 -9.999999999999998 0.0 0.0 10.0 0.0 0.0 0.0 
6 -7.0306516504615635 -0.07944462608073058 0.0 7.110096276542288 0.0 0.0 0.0 
6 0.0 0.0 0.0 0.0 0.0 0.0 0.0 
6 0.0 0.0 0.0 10.0 -9.999999999999995 0.0 0.0 
6 0.0 0.0 0.0 10.0 0.0 0.0 -9.999999999999995 
6 0.0 0.0 0.0 10.0 0.0 0.0 -9.999999999999995 
6 -10.000000000000005 0.0 0.0 10.0 0.0 0.0 0.0 
6 -0.3575663435698607 -7.275128460260349 -0.13221998359671022 10.0 -0.15189375316710857 0.0 -2.0831914594059424 
6 0.0 0.0 0.0 0.0 0.0 0.0 0.0 
6 0.0 0.0 0.0 10.0 0.0 0.0 -9.999999999999993 
6 -0.09071945726699619 -5.149181627296111 -0.24818606268769636 10.0 -4.153688501677779 0.0 -0.3582243510714242 
6 -2.5196507117432048 0.0 0.0 5.010831886376813 -2.2866451378374335 -0.20453603679617108 0.0 
6 -0.3894920816292045 -4.460998814578302 -1.1531867111478415 10.0 -0.7709076762377908 -0.293256340099198 -2.9321583763076555 
6 0.0 -10.000000000000007 0.0 10.0 0.0 0.0 0.0 
6 0.0 -2.9297799300388436 0.0 10.0 -7.070220069961163 0.0 0.0 
6 0.0 -10.00000000000001 0.0 10.0 0.0 0.0 0.0 
6 -1.9548669209012615 0.0 -8.045133079098735 10.0 0.0 0.0 0.0 
6 0.0 0.0 0.0 3.8770363999848076E-15 0.0 0.0 0.0 
6 0.0 0.0 0.0 0.0 0.0 0.0 0.0 
6 0.0 0.0 0.0 1.8429232379155924 0.0 -1.8429232379155924 0.0 
6 0.0 -2.4792495944227992 0.0 10.0 -7.520750405577196 0.0 0.0 
6 0.0 0.0 0.0 0.0 0.0 0.0 0.0 
6 0.0 -3.940175904153378 0.0 3.9401759041533744 0.0 0.0 0.0 
6 0.0 0.0 0.0 -1.7263057830783544E-15 0.0 0.0 0.0 
6 0.0 0.0 0.0 0.0 0.0 0.0 0.0 
6 -3.0613738599890112 0.0 -5.14399564534496 10.0 -1.794630494666028 0.0 0.0 
6 0.0 0.0 0.0 1.359468675768837E-15 0.0 0.0 0.0 
6 0.0 0.0 0.0 0.0 0.0 0.0 0.0 
6 -9.999999999999998 0.0 0.0 10.0 0.0 0.0 0.0 
6 0.0 0.0 0.0 10.0 -0.22079180043819158 0.0 -9.779208199561811 
6 -0.5108284445424891 -2.8935288149271394 -3.63721147048539 10.0 -2.577703409341794 -0.33009108197858106 -0.050636778724547866 
6 -0.7081916940379288 -6.500713743208774 -1.1566108015023526 10.0 -1.019227311170495 0.0 -0.6152564500804724 
6 0.0 0.0 0.0 0.0 0.0 0.0 0.0 
6 0.0 0.0 0.0 0.0 0.0 0.0 0.0 
6 0.0 0.0 0.0 10.0 0.0 0.0 -10.0 
6 0.0 0.0 0.0 0.0 0.0 0.0 0.0 
6 0.0 0.0 0.0 0.0 0.0 0.0 0.0 
6 0.0 0.0 0.0 0.0 0.0 0.0 0.0 
6 -10.000000000000009 0.0 0.0 10.0 0.0 0.0 0.0 
6 0.0 0.0 0.0 10.0 0.0 -8.223120112367372 -1.7768798876326284 
6 0.0 0.0 0.0 0.0 0.0 0.0 0.0 
6 0.0 0.0 0.0 0.0 0.0 0.0 0.0 
6 0.0 0.0 0.0 0.0 0.0 0.0 0.0 
6 0.0 0.0 0.0 0.0 0.0 0.0 0.0 
6 0.0 0.0 0.0 10.0 0.0 0.0 -10.00000000000001 
6 0.0 0.0 0.0 0.0 0.0 0.0 0.0 
6 0.0 0.0 0.0 0.0 0.0 0.0 0.0 
6 0.0 0.0 0.0 0.0 0.0 0.0 0.0 
6 0.0 0.0 0.0 10.0 -9.999999999999993 0.0 0.0 
6 0.0 0.0 0.0 10.0 0.0 -9.999999999999998 0.0 
6 0.0 0.0 0.0 -2.3482735961452445E-15 0.0 0.0 0.0 
6 0.0 -0.14137166969027698 0.0 0.14137166969027698 0.0 0.0 0.0 
6 0.0 -0.22699048033902738 0.0 0.22699048033902738 0.0 0.0 0.0 
6 0.0 0.0 0.0 0.0 0.0 0.0 0.0 
6 0.0 0.0 0.0 0.0 0.0 0.0 0.0 
6 -0.22481448652817176 -0.26452134139120104 -0.2589726275931164 1.5769691061806108 -0.3241699069693057 -0.28704776454357656 -0.21744297915523814 
6 0.0 0.0 0.0 0.0 0.0 0.0 0.0 
6 0.0 -0.5614527573269039 0.0 0.5614527573269011 0.0 0.0 0.0 
6 0.0 0.0 0.0 0.0 0.0 0.0 0.0 
6 0.0 0.0 0.0 0.0 0.0 0.0 0.0 
6 -0.14309717812820344 -0.16277909898678009 -0.16398061441789263 1.0088734641712713 -0.2117867640374878 -0.18452180492289436 -0.14270800367801173 
6 -4.1198428548617505 0.0 0.0 4.11984285486175 0.0 0.0 0.0 
6 0.0 0.0 0.0 10.0 0.0 -10.0 0.0 
6 0.0 -8.699513841022883 0.0 10.0 0.0 -1.3004861589771164 0.0 
6 0.0 0.0 0.0 1.6594173565254025E-15 0.0 0.0 0.0 
6 0.0 -8.901622059971226 -0.33116198817052256 9.232784048141745 0.0 0.0 0.0 
6 0.0 0.0 0.0 0.0 0.0 0.0 0.0 
6 0.0 0.0 0.0 10.0 -2.040329140373741 -7.95967085962624 0.0 
6 0.0 0.0 0.0 0.0 0.0 0.0 0.0 
6 0.0 0.0 -10.0 10.0 0.0 0.0 0.0 
6 0.0 0.0 0.0 10.0 -9.999999999999995 0.0 0.0 
6 -1.8437817888762218 -3.7112354930249905 0.0 8.070921650290124 0.0 0.0 -2.515904368388914 
6 0.0 0.0 0.0 10.0 0.0 -9.999999999999998 0.0 
6 0.0 0.0 0.0 0.0 0.0 0.0 0.0 
6 0.0 -2.2710788831402997 -7.728921116859696 10.0 0.0 0.0 0.0 
6 0.0 0.0 0.0 0.0 0.0 0.0 0.0 
6 0.0 0.0 0.0 0.0 0.0 0.0 0.0 
6 -0.029253713111204647 -0.02218499271662159 -0.027661537847657014 0.17678618168082283 -0.03651295091514372 -0.027433600152998186 -0.03373938693719802 
6 0.0 0.0 0.0 10.0 0.0 -0.6035260898258042 -9.3964739101742 
6 0.0 -4.284162790130206 0.0 10.0 -2.2901708762540567 -3.322091832665626 -0.1035745009500905 
6 0.0 0.0 0.0 10.0 0.0 0.0 -9.999999999999991 
6 0.0 0.0 0.0 10.0 -10.000000000000002 0.0 0.0 
6 0.0 -0.47047054363116825 0.0 9.423894583068108 -8.953424039436946 0.0 0.0 
6 0.0 0.0 0.0 3.529597317341385E-15 0.0 0.0 0.0 
6 0.0 0.0 -10.000000000000009 10.0 0.0 0.0 0.0 
6 0.0 0.0 0.0 0.0 0.0 0.0 0.0 
6 0.0 0.0 -1.472048897488956 7.40188583539684 0.0 0.0 -5.929836937907884 
6 0.0 0.0 0.0 10.0 0.0 0.0 -9.999999999999995 
6 0.0 -0.5696894802624183 0.0 6.987138792578794 -6.417449312316373 0.0 0.0 
6 0.0 -0.278624849811986 -0.3009622239980258 0.6219169219823175 -0.04232984817231 0.0 0.0 
6 0.0 0.0 -10.0 10.0 0.0 0.0 0.0 
6 0.0 0.0 0.0 0.0 0.0 0.0 0.0 
6 -10.000000000000032 0.0 0.0 10.0 0.0 0.0 0.0 
4 0.0 0.0 0.0 0.0 0.0 0.0 0.0 
4 0.0 0.0 -0.9285001495208326 0.0 2.5688975441342476 -1.6403973946134234 0.0 
4 0.0 0.0 0.0 0.0 0.0 0.0 0.0 
4 -6.363628477056971 0.0 -3.636371522943037 0.0 10.0 0.0 0.0 
4 0.0 0.0 0.0 0.0 10.0 -9.99999999999999 0.0 
4 0.0 -9.999999999999995 0.0 0.0 10.0 0.0 0.0 
4 -10.0 0.0 0.0 0.0 10.0 0.0 0.0 
4 0.0 0.0 0.0 0.0 10.0 0.0 -10.00000000000001 
4 0.0 0.0 0.0 0.0 0.0 0.0 0.0 
4 0.0 0.0 0.0 -5.558112177273173 5.558112177273173 0.0 0.0 
4 0.0 0.0 0.0 0.0 7.285568863381145E-15 0.0 0.0 
4 0.0 0.0 0.0 -2.6268474846977616 10.0 0.0 -7.373152515302246 
4 -7.2497600659734065 0.0 0.0 -2.750239934026602 10.0 0.0 0.0 
4 0.0 0.0 -9.999999999999988 0.0 10.0 0.0 0.0 
4 0.0 -1.3819654312393617 0.0 0.0 10.0 -8.618034568760647 0.0 
4 0.0 -10.0 0.0 0.0 10.0 0.0 0.0 
4 0.0 -9.999999999999996 0.0 0.0 10.0 0.0 0.0 
4 -0.4811790637818938 0.0 0.0 0.0 0.4811790637818938 0.0 0.0 
4 0.0 0.0 0.0 0.0 0.0 0.0 0.0 
4 0.0 0.0 0.0 0.0 -9.406863938659259E-15 0.0 0.0 
4 0.0 -2.7064925687034465 0.0 0.0 10.0 0.0 -7.293507431296552 
4 0.0 -7.618952492015713 -0.38588940599610383 0.0 8.004841898011817 0.0 0.0 
4 0.0 0.0 0.0 -9.999999999999993 10.0 0.0 0.0 
4 0.0 0.0 0.0 0.0 10.0 0.0 -10.0 
4 0.0 0.0 0.0 -10.000000000000009 10.0 0.0 0.0 
4 0.0 0.0 0.0 -9.99999999999999 10.0 0.0 0.0 
4 0.0 0.0 -1.3047357084739444 0.0 7.884647516417095 -2.7975325619276035 -3.7823792460155476 
4 -1.2862125718917365 -1.7176092860788852 -3.0576168238968684 -3.233922315704404 10.0 -0.7046390024280884 0.0 
4 0.0 0.0 0.0 0.0 0.0 0.0 0.0 
4 0.0 0.0 0.0 -9.999999999999996 10.0 0.0 0.0 
4 -1.171102422350947 -0.8962738117300033 -0.3688620764613381 0.0 3.643419671799237 -0.7432501039130743 -0.4639312573438754 
4 0.0 0.0 -1.5899335969109825 0.0 10.0 -8.410066403089017 0.0 
4 0.0 0.0 0.0 0.0 10.0 -10.0 0.0 
4 0.0 0.0 0.0 0.0 0.0 0.0 0.0 
4 0.0 -9.999999999999991 0.0 0.0 10.0 0.0 0.0 
4 0.0 -6.753165497752472 -3.2468345022475433 0.0 10.0 0.0 0.0 
4 0.0 0.0 0.0 0.0 9.505063910209639E-15 0.0 0.0 
4 0.0 0.0 0.0 0.0 0.0 0.0 0.0 
4 0.0 0.0 0.0 0.0 10.0 0.0 -9.999999999999956 
4 0.0 0.0 0.0 0.0 0.0 0.0 0.0 
4 0.0 -1.612225795565624 0.0 0.0 3.280942472633809 -1.6687166770681727 0.0 
4 0.0 -10.000000000000007 0.0 0.0 10.0 0.0 0.0 
4 0.0 -10.0 0.0 0.0 10.0 0.0 0.0 
4 -10.000000000000007 0.0 0.0 0.0 10.0 0.0 0.0 
4 0.0 0.0 0.0 0.0 0.0 0.0 0.0 
4 0.0 -9.999999999999991 0.0 0.0 10.0 0.0 0.0 
4 0.0 0.0 0.0 -2.173168198945675 2.1731681989456746 0.0 0.0 
4 0.0 0.0 0.0 0.0 0.0 0.0 0.0 
4 0.0 0.0 0.0 0.0 0.0 0.0 0.0 
4 0.0 0.0 0.0 0.0 0.0 0.0 0.0 
4 0.0 0.0 0.0 -0.22680409862458376 0.2268040986245853 0.0 0.0 
4 0.0 0.0 0.0 0.0 10.0 0.0 -10.000000000000002 
4 0.0 0.0 0.0 0.0 0.0 0.0 0.0 
4 0.0 0.0 0.0 0.0 2.1838191607623347 -2.1838191607623347 0.0 
4 0.0 -10.000000000000016 0.0 0.0 10.0 0.0 0.0 
4 0.0 0.0 0.0 -9.999999999999995 10.0 0.0 0.0 
4 -1.668352247957334 -2.4770653853022098 -2.6360097694973823 -0.8776698706834775 8.7799256511417 -0.7582360885769828 -0.36259228912430747 
4 0.0 0.0 0.0 0.0 10.0 0.0 -9.999999999999988 
4 0.0 -10.000000000000012 0.0 0.0 10.0 0.0 0.0 
4 -9.999999999999995 0.0 0.0 0.0 10.0 0.0 0.0 
4 0.0 0.0 0.0 -7.191588567153317 10.0 0.0 -2.8084114328466856 
4 0.0 -10.000000000000002 0.0 0.0 10.0 0.0 0.0 
4 -10.0 0.0 0.0 0.0 10.0 0.0 0.0 
4 0.0 -9.999999999999993 0.0 0.0 10.0 0.0 0.0 
4 0.0 0.0 0.0 0.0 0.0 0.0 0.0 
4 0.0 0.0 -1.1437408960379736 0.0 10.0 -8.85625910396203 0.0 
4 0.0 -10.0 0.0 0.0 10.0 0.0 0.0 
4 0.0 0.0 -7.733055195253041 0.0 10.0 0.0 -2.2669448047469665 
4 0.0 0.0 0.0 0.0 2.882703393797424E-15 0.0 0.0 
4 0.0 0.0 0.0 0.0 10.0 0.0 -10.000000000000002 
4 0.0 0.0 0.0 -9.999999999999996 10.0 0.0 0.0 
4 -0.19060375542821528 -0.04711120569307473 0.0 -0.3089056378139731 0.5466205989352626 0.0 0.0 
4 0.0 0.0 0.0 0.0 10.0 0.0 -9.999999999999996 
4 0.0 0.0 0.0 -10.000000000000005 10.0 0.0 0.0 
4 -0.17807470916840343 -0.12512281089390892 -0.18906073776912977 -0.1874359791871669 0.9967536009986319 -0.17038897695444255 -0.1466703870255802 
4 0.0 0.0 0.0 -10.00000000000001 10.0 0.0 0.0 
4 0.0 -10.000000000000028 0.0 0.0 10.0 0.0 0.0 
4 0.0 0.0 0.0 0.0 0.0 0.0 0.0 
4 -0.30232288064420837 0.0 -0.10511081196339564 0.0 2.571077529419529 -0.47495402248307655 -1.688689814328848 
4 0.0 -9.999999999999986 0.0 0.0 10.0 0.0 0.0 
4 0.0 0.0 0.0 0.0 10.0 -10.000000000000023 0.0 
4 0.0 -10.000000000000002 0.0 0.0 10.0 0.0 0.0 
4 0.0 0.0 0.0 0.0 10.0 0.0 -10.000000000000014 
4 0.0 0.0 0.0 -8.580967318444772 10.0 -1.4190326815552263 0.0 
4 0.0 0.0 0.0 0.0 0.0 0.0 0.0 
4 0.0 0.0 0.0 0.0 0.0 0.0 0.0 
4 0.0 0.0 0.0 0.0 0.0 0.0 0.0 
4 0.0 0.0 0.0 0.0 0.0 0.0 0.0 
4 0.0 0.0 0.0 0.0 0.0 0.0 0.0 
4 0.0 0.0 0.0 0.0 10.0 0.0 -10.00000000000001 
4 0.0 -9.999999999999995 0.0 0.0 10.0 0.0 0.0 
4 0.0 -10.000000000000004 0.0 0.0 10.0 0.0 0.0 
4 0.0 0.0 0.0 0.0 10.0 -9.999999999999998 0.0 
4 0.0 0.0 0.0 0.0 0.0 0.0 0.0 
4 0.0 0.0 0.0 -3.2786471284753596 3.2786471284753596 0.0 0.0 
4 0.0 0.0 -10.000000000000002 0.0 10.0 0.0 0.0 
4 0.0 -10.000000000000004 0.0 0.0 10.0 0.0 0.0 
4 0.0 0.0 0.0 0.0 10.0 -10.0 0.0 
4 0.0 0.0 0.0 0.0 0.0 0.0 0.0 
4 0.0 0.0 0.0 0.0 -4.12152587247112E-15 0.0 0.0 
4 0.0 -10.000000000000002 0.0 0.0 10.0 0.0 0.0 
4 0.0 0.0 0.0 0.0 1.2304963509607885 -1.2304963509607885 0.0 
4 0.0 0.0 0.0 0.0 0.0 0.0 0.0 
4 0.0 0.0 0.0 0.0 10.0 0.0 -10.000000000000007 
4 0.0 0.0 0.0 -9.999999999999998 10.0 0.0 0.0 
4 -9.999999999999996 0.0 0.0 0.0 10.0 0.0 0.0 
4 0.0 -10.000000000000002 0.0 0.0 10.0 0.0 0.0 
4 0.0 0.0 -9.999999999999982 0.0 10.0 0.0 0.0 
4 0.0 0.0 0.0 0.0 0.0 0.0 0.0 
4 0.0 0.0 -9.999999999999998 0.0 10.0 0.0 0.0 
4 0.0 0.0 0.0 0.0 10.0 0.0 -10.000000000000002 
4 0.0 0.0 0.0 0.0 0.0 0.0 0.0 
4 0.0 0.0 0.0 0.0 0.0 0.0 0.0 
4 0.0 0.0 0.0 0.0 0.0 0.0 0.0 
4 0.0 0.0 0.0 0.0 0.0 0.0 0.0 
4 0.0 0.0 0.0 0.0 0.0 0.0 0.0 
4 0.0 -10.0 0.0 0.0 10.0 0.0 0.0 
4 0.0 -10.000000000000002 0.0 0.0 10.0 0.0 0.0 
4 0.0 0.0 0.0 0.0 10.0 0.0 -9.999999999999995 
4 0.0 0.0 0.0 0.0 0.0 0.0 0.0 
4 0.0 0.0 0.0 -10.000000000000002 10.0 0.0 0.0 
4 0.0 -10.000000000000009 0.0 0.0 10.0 0.0 0.0 
4 0.0 -7.308431604508929 0.0 0.0 10.0 0.0 -2.691568395491069 
4 0.0 0.0 0.0 0.0 10.0 0.0 -9.999999999999993 
4 0.0 0.0 0.0 0.0 -6.743346110245553E-16 0.0 0.0 
4 -6.310687177438456 -0.1868793066913367 -3.5024335158701945 0.0 10.0 0.0 0.0 
4 0.0 0.0 0.0 -9.999999999999998 10.0 0.0 0.0 
4 0.0 -10.0 0.0 0.0 10.0 0.0 0.0 
4 0.0 0.0 0.0 0.0 10.0 0.0 -9.999999999999982 
4 0.0 0.0 0.0 0.0 0.0 0.0 0.0 
4 -0.17802351235540437 -0.12508280266604535 -0.18962067149135964 -0.18783647333429582 0.9965996573618763 -0.1694666547941446 -0.14656954272062586 
4 -2.913477842007987 -0.7802213667144213 -4.288475960868322 -1.2512121676822794 10.0 -0.7666126627269796 0.0 
4 0.0 -3.876053983808727 0.0 -4.27469141848086 10.0 0.0 -1.849254597710421 
4 0.0 0.0 0.0 0.0 0.0 0.0 0.0 
4 0.0 0.0 0.0 0.0 0.0 0.0 0.0 
4 0.0 0.0 0.0 -9.999999999999988 10.0 0.0 0.0 
4 0.0 -10.0 0.0 0.0 10.0 0.0 0.0 
4 0.0 0.0 0.0 0.0 0.0 0.0 0.0 
4 0.0 0.0 0.0 0.0 0.0 0.0 0.0 
4 0.0 -10.000000000000004 0.0 0.0 10.0 0.0 0.0 
4 0.0 -9.98419174062089 -0.015808259379095684 0.0 10.0 0.0 0.0 
4 0.0 0.0 0.0 0.0 0.0 0.0 0.0 
4 0.0 0.0 0.0 0.0 1.2116671544782042E-15 0.0 0.0 
4 0.0 0.0 0.0 0.0 6.370235813148975 -6.370235813148976 0.0 
4 0.0 0.0 0.0 0.0 10.0 0.0 -9.99999999999998 
4 0.0 -10.0 0.0 0.0 10.0 0.0 0.0 
4 0.0 0.0 0.0 -10.000000000000007 10.0 0.0 0.0 
4 0.0 -9.999999999999998 0.0 0.0 10.0 0.0 0.0 
4 0.0 0.0 0.0 0.0 0.0 0.0 0.0 
4 0.0 0.0 0.0 0.0 10.0 -10.000000000000007 0.0 
4 0.0 -2.579507718422901 0.0 -7.420492281577125 10.0 0.0 0.0 
4 0.0 0.0 -7.3640372962150975 0.0 9.898359737875658 -2.5343224416605716 0.0 
4 0.0 0.0 0.0 0.0 0.0 0.0 0.0 
4 0.0 0.0 0.0 0.0 0.0 0.0 0.0 
4 0.0 0.0 0.0 0.0 10.0 0.0 -10.0 
4 0.0 -0.1018354229713113 0.0 0.0 10.0 -9.89816457702875 0.0 
4 -0.9574024706060175 -0.39804491819003734 -0.9258712634406508 -0.7984305110896802 4.689888338396775 -0.7649938979274321 -0.84514527714296 
4 0.0 0.0 0.0 0.0 0.0 0.0 0.0 
4 -3.4324418530918104 0.0 0.0 -4.226967616073557 7.659409469165364 0.0 0.0 
4 0.0 0.0 0.0 0.0 0.0 0.0 0.0 
4 0.0 0.0 0.0 0.0 0.0 0.0 0.0 
4 0.0 -0.5500027190264754 0.0 0.0 0.5500027190264746 0.0 0.0 
4 0.0 0.0 0.0 0.0 0.0 0.0 0.0 
4 -10.0 0.0 0.0 0.0 10.0 0.0 0.0 
3 0.0 0.0 0.0 0.0 0.0 -5.928670912536848E-15 0.0 
3 0.0 0.0 0.0 0.0 0.0 0.0 0.0 
3 -0.9761386659783158 0.0 -0.7985805774206368 -0.600994886398582 -1.1189128946206375 4.067013341164594 -0.5723863167464199 
3 0.0 0.0 0.0 0.0 0.0 0.0 0.0 
3 0.0 -0.016463995081272408 0.0 -1.1721669018355176 0.0 1.18863089691679 0.0 
3 0.0 0.0 0.0 0.0 0.0 0.0 0.0 
3 0.0 0.0 0.0 0.0 0.0 0.0 0.0 
3 0.0 -0.4549164429175477 0.0 0.0 0.0 2.2867998722608687 -1.831883429343321 
3 0.0 0.0 -2.35003911141395 0.0 0.0 5.316013967854576 -2.965974856440616 
3 -0.42171618540159145 -4.218491744000562 -1.5637866647427225 -3.17791690352988 0.0 10.0 -0.6180885023252585 
3 0.0 0.0 0.0 0.0 0.0 0.0 0.0 
3 0.0 0.0 0.0 0.0 0.0 0.0 0.0 
3 0.0 0.0 0.0 0.0 0.0 0.0 0.0 
3 -2.378436824453187 0.0 -4.601019037581713 0.0 0.0 10.0 -3.0205441379650955 
3 0.0 0.0 0.0 0.0 0.0 0.0 0.0 
3 0.0 0.0 0.0 0.0 0.0 10.0 -10.000000000000021 
3 0.0 0.0 0.0 0.0 -10.000000000000005 10.0 0.0 
3 0.0 -10.0 0.0 0.0 0.0 10.0 0.0 
3 0.0 0.0 0.0 0.0 0.0 4.732278919548212E-15 0.0 
3 0.0 0.0 0.0 0.0 0.0 0.0 0.0 
3 -0.3815597808656302 -0.21828462420365427 -0.31376913099356063 -0.2785335500311686 -0.3542114578238649 1.9557353580375794 -0.40937681411970395 
3 0.0 0.0 0.0 0.0 0.0 0.0 0.0 
3 0.0 0.0 0.0 0.0 0.0 0.0 0.0 
3 0.0 0.0 0.0 0.0 0.0 0.0 0.0 
3 0.0 -1.9856214634011313 0.0 0.0 0.0 1.9856214634011313 0.0 
3 0.0 0.0 0.0 0.0 0.0 0.0 0.0 
3 0.0 0.0 0.0 0.0 0.0 0.0 0.0 
3 0.0 -3.0437456404437744 0.0 0.0 -6.956254359556244 10.0 0.0 
3 0.0 0.0 0.0 0.0 0.0 -3.592667267657175E-15 0.0 
3 0.0 0.0 0.0 0.0 0.0 0.0 0.0 
3 0.0 0.0 0.0 0.0 0.0 0.0 0.0 
3 0.0 0.0 0.0 0.0 0.0 0.0 0.0 
3 0.0 -9.999999999999991 0.0 0.0 0.0 10.0 0.0 
3 0.0 0.0 0.0 0.0 -9.999999999999979 10.0 0.0 
3 0.0 0.0 0.0 0.0 0.0 0.0 0.0 
3 0.0 0.0 0.0 0.0 0.0 0.0 0.0 
3 0.0 0.0 0.0 0.0 0.0 0.0 0.0 
3 0.0 0.0 0.0 0.0 0.0 3.674667095361515E-16 0.0 
3 0.0 -3.5243756161620374 0.0 -6.202251795972755 0.0 10.0 -0.2733725878652045 
3 0.0 0.0 0.0 0.0 0.0 0.0 0.0 
3 0.0 0.0 0.0 0.0 0.0 0.0 0.0 
3 0.0 0.0 0.0 0.0 0.0 0.0 0.0 
3 0.0 -10.0 0.0 0.0 0.0 10.0 0.0 
3 -0.7590518452464816 0.0 0.0 0.0 0.0 0.7590518452464816 0.0 
3 0.0 0.0 0.0 0.0 0.0 0.0 0.0 
3 0.0 0.0 0.0 0.0 0.0 0.0 0.0 
3 -0.4783680032579061 0.0 0.0 -9.52163199674209 0.0 10.0 0.0 
3 0.0 0.0 0.0 0.0 0.0 -6.527203832393391E-16 0.0 
3 0.0 -9.999999999999995 0.0 0.0 0.0 10.0 0.0 
3 0.0 0.0 0.0 0.0 0.0 0.0 0.0 
3 0.0 0.0 0.0 0.0 0.0 0.40908156456240746 -0.4090815645624029 
3 0.0 -0.6643685957895241 -1.6912257791293277 0.0 -3.553172282539382 5.908766657458236 0.0 
3 0.0 0.0 0.0 0.0 0.0 8.647263844316306E-16 0.0 
3 0.0 -9.999999999999996 0.0 0.0 0.0 10.0 0.0 
3 0.0 -1.002095236673661 0.0 0.0 -1.756704858588244 2.7588000952618974 0.0 
3 0.0 -9.999999999999996 0.0 0.0 0.0 10.0 0.0 
3 0.0 0.0 0.0 0.0 0.0 0.0 0.0 
3 0.0 0.0 0.0 0.0 0.0 1.6484392985131411E-15 0.0 
3 0.0 0.0 0.0 0.0 0.0 0.0 0.0 
3 0.0 0.0 0.0 0.0 0.0 0.0 0.0 
3 0.0 0.0 0.0 0.0 0.0 0.0 0.0 
3 0.0 0.0 0.0 0.0 0.0 0.0 0.0 
3 0.0 0.0 0.0 0.0 0.0 0.0 0.0 
3 0.0 -10.000000000000004 0.0 0.0 0.0 10.0 0.0 
3 0.0 0.0 0.0 0.0 0.0 -3.967407555319962E-16 0.0 
3 0.0 0.0 0.0 0.0 0.0 0.0 0.0 
3 0.0 -10.000000000000002 0.0 0.0 0.0 10.0 0.0 
3 0.0 0.0 0.0 0.0 0.0 0.0 0.0 
3 0.0 0.0 0.0 0.0 0.0 0.0 0.0 
3 0.0 0.0 0.0 0.0 0.0 0.0 0.0 
3 0.0 0.0 0.0 0.0 0.0 3.3469798823209473E-15 0.0 
3 0.0 0.0 0.0 0.0 0.0 0.0 0.0 
3 -10.000000000000009 0.0 0.0 0.0 0.0 10.0 0.0 
3 0.0 0.0 0.0 0.0 0.0 4.3170616811682696E-15 0.0 
3 0.0 0.0 0.0 0.0 0.0 0.0 0.0 
3 0.0 0.0 0.0 0.0 0.0 0.0 0.0 
3 0.0 0.0 0.0 0.0 -9.999999999999995 10.0 0.0 
3 0.0 0.0 0.0 0.0 0.0 0.0 0.0 
3 0.0 0.0 0.0 0.0 0.0 0.0 0.0 
3 -0.3423789678251582 0.0 -0.1100155119052962 -0.10143809290747177 -0.3261001313507657 1.1116293555803773 -0.23169665159168382 
3 0.0 -0.812223275261665 0.0 -9.187776724738333 0.0 10.0 0.0 
3 0.0 0.0 0.0 0.0 -9.999999999999998 10.0 0.0 
3 0.0 0.0 0.0 0.0 -9.99999999999998 10.0 0.0 
3 0.0 0.0 0.0 0.0 0.0 0.0 0.0 
3 0.0 0.0 0.0 0.0 0.0 0.0 0.0 
3 0.0 0.0 0.0 0.0 0.0 0.0 0.0 
3 -0.801209773518379 -0.44006278422546385 -0.3206543020722126 -0.5423558158841529 -0.7377035927382503 3.680020971494847 -0.8380347030563932 
3 0.0 -2.426659204493738 -2.872826763286396 0.0 0.0 10.0 -4.70051403221988 
3 0.0 -9.999999999999996 0.0 0.0 0.0 10.0 0.0 
3 0.0 0.0 0.0 0.0 0.0 0.0 0.0 
3 0.0 0.0 0.0 0.0 0.0 0.0 0.0 
3 -0.18840321432299395 -0.08512109114219202 -0.17741762598722022 -0.1739710050348313 -0.20252006603071238 1.0255031226312095 -0.19807012011325972 
3 0.0 -0.18735724652503213 -0.2637029479485834 -0.24175937143389928 -0.06371444343533297 0.8973116716253027 -0.1407776622824541 
3 0.0 0.0 0.0 0.0 -10.0 10.0 0.0 
3 0.0 0.0 0.0 0.0 0.0 0.0 0.0 
3 0.0 0.0 0.0 0.0 0.0 0.0 0.0 
3 0.0 0.0 0.0 0.0 0.0 0.0 0.0 
3 -0.039419694859430636 0.0 -0.4332571625586294 -0.24100091036741944 -0.16072869909640003 0.9440010915479671 -0.06959462466608853 
3 0.0 0.0 0.0 0.0 0.0 0.0 0.0 
3 -0.799170417894229 -7.008264888480654 -0.4965886331086841 -0.2146764228417308 -0.802441884773118 10.0 -0.6788577529015812 
3 0.0 0.0 0.0 0.0 0.0 0.0 0.0 
3 0.0 -10.000000000000002 0.0 0.0 0.0 10.0 0.0 
3 0.0 -9.999999999999996 0.0 0.0 0.0 10.0 0.0 
3 0.0 -9.999999999999996 0.0 0.0 0.0 10.0 0.0 
3 0.0 0.0 0.0 0.0 0.0 0.0 0.0 
3 0.0 0.0 -0.02922893601817567 -0.007245494867383951 0.0 0.036474430885562355 0.0 
3 0.0 0.0 0.0 0.0 -3.491591510460769 3.4915915104607684 0.0 
3 -0.023545318983802816 -2.469832856152641 0.0 -0.2641194476877949 -4.629227038773837 7.386724661598079 0.0 
3 0.0 0.0 0.0 0.0 -10.0 10.0 0.0 
3 -0.18826776735544412 -0.08507024141578852 -0.17810937902370216 -0.17403936685479499 -0.2025229049507232 1.0258208602484251 -0.19781120064797153 
3 0.0 0.0 0.0 0.0 0.0 0.0 0.0 
3 0.0 -8.952718882954244 0.0 0.0 -1.0472811170457885 10.0 0.0 
3 0.0 0.0 0.0 -10.000000000000004 0.0 10.0 0.0 
3 0.0 0.0 0.0 0.0 0.0 0.0 0.0 
3 0.0 0.0 0.0 0.0 0.0 0.0 0.0 
3 0.0 0.0 0.0 0.0 0.0 0.0 0.0 
3 0.0 0.0 0.0 0.0 0.0 0.0 0.0 
3 0.0 0.0 0.0 0.0 0.0 0.0 0.0 
3 0.0 0.0 -3.5298102685532506 0.0 0.0 10.0 -6.4701897314467525 
3 0.0 -0.9947252202503888 -3.9438045913412343 0.0 0.0 4.938529811591613 0.0 
3 0.0 -4.750155793756344 0.0 0.0 -5.2498442062436625 10.0 0.0 
3 0.0 -10.0 0.0 0.0 0.0 10.0 0.0 
3 0.0 0.0 0.0 0.0 0.0 0.0 0.0 
3 0.0 -1.2877766141764604 0.0 0.0 0.0 1.2877766141764604 0.0 
3 0.0 0.0 0.0 -0.6946326935181764 -0.16110752666527747 0.8557402201834554 0.0 
3 0.0 0.0 -0.0056355104847093185 -1.6323761880027436 -0.05271331751175039 1.9039154200119708 -0.21319040401276645 
3 -0.029997820593760025 -0.01321252771409077 -0.025058155133273682 -0.028857268114793423 -0.029407065565358412 0.16062588934922575 -0.03409305222794936 
3 0.0 0.0 0.0 0.0 0.0 0.0 0.0 
3 -0.2914916146011985 -0.13779876461626242 -0.27708591059880566 -0.2693238111297463 -0.30755554921736283 1.5848776002530378 -0.30162195008966153 
3 0.0 0.0 0.0 0.0 0.0 0.0 0.0 
3 -0.5943292753588623 0.0 0.0 -1.3516087986724088 -1.0514829415916989 2.9974210156229715 0.0 
3 -0.9454820679908919 -5.064013294867689 -1.391669687562493 -0.43846281591955744 -0.6299816784847766 10.0 -1.5303904551745873 
3 0.0 0.0 0.0 0.0 0.0 0.0 0.0 
3 0.0 0.0 0.0 0.0 0.0 0.0 0.0 
3 -5.3073178627569115 0.0 0.0 0.0 0.0 5.3073178627569115 0.0 
3 -0.05882440750164185 -0.0021944155249341997 0.0 -0.08321853577432718 -0.036418410150310304 0.2412714387201928 -0.06061566976898024 
3 -0.39883492280694643 -0.19189743905136936 -0.3845645387214484 -0.3681192790811901 -0.41925600899400167 2.1722874451943905 -0.4096152565394368 
3 -0.2693371435365352 -0.11693127646557169 -0.25237742929315427 -0.2464921656305581 -0.2746451763640685 1.4381930872935844 -0.2784098960036962 
3 0.0 0.0 0.0 0.0 0.0 0.0 0.0 
3 0.0 0.0 0.0 0.0 0.0 1.914864048549183E-15 0.0 
3 0.0 0.0 0.0 0.0 0.0 0.0 0.0 
3 0.0 -9.999999999999993 0.0 0.0 0.0 10.0 0.0 
3 0.0 -9.999999999999991 0.0 0.0 0.0 10.0 0.0 
3 0.0 0.0 0.0 0.0 0.0 0.0 0.0 
3 0.0 -4.547707859078283 -1.7442059225628987 0.0 -3.079507301479652 10.0 -0.6285789168791849 
3 0.0 0.0 0.0 0.0 0.0 0.0 0.0 
3 0.0 0.0 0.0 0.0 0.0 0.0 0.0 
3 -0.9061844815467159 -6.843735134479432 -1.3992963262888338 -0.49574973723831234 0.0 10.0 -0.35503432044671196 
3 -10.000000000000002 0.0 0.0 0.0 0.0 10.0 0.0 
3 -0.15234548534773057 -0.06335418833661363 -0.13997868328471844 -0.1475869501688924 -0.1734887390138385 0.8451269434700464 -0.16837289731825114 
3 -0.18830935286050823 -0.08486292257843825 -0.17807642358874984 -0.1740338678523631 -0.2025330273434013 1.0256057553534892 -0.19779016113002737 
3 0.0 0.0 0.0 0.0 0.0 0.0 0.0 
3 0.0 0.0 0.0 0.0 0.0 0.0 0.0 
3 0.0 0.0 0.0 0.0 0.0 0.0 0.0 
3 0.0 0.0 0.0 0.0 0.0 0.0 0.0 
3 0.0 0.0 0.0 0.0 0.0 0.0 0.0 
3 0.0 0.0 0.0 0.0 0.0 0.0 0.0 
3 0.0 0.0 0.0 0.0 0.0 0.0 0.0 
3 0.0 0.0 0.0 0.0 0.0 0.0 0.0 
3 0.0 0.0 0.0 0.0 -10.000000000000002 10.0 0.0 
3 0.0 -0.0023815163743571223 -0.0017543707534349233 -0.004375748361542346 0.0 0.017469502539865858 -0.00895786705053236 
3 0.0 0.0 0.0 0.0 0.0 0.0 0.0 
3 -6.3158122686845175 0.0 -3.684187731315486 0.0 0.0 10.0 0.0 
3 0.0 0.0 0.0 0.0 0.0 0.0 0.0 
3 0.0 0.0 0.0 0.0 0.0 0.0 0.0 
3 -1.5353023000705435 -0.3831099953806459 -0.08424412302947372 0.0 -1.5559601014577031 5.220143829869503 -1.661527309931131 
3 0.0 0.0 0.0 0.0 0.0 0.0 0.0 
3 0.0 0.0 0.0 0.0 0.0 0.0 0.0 
3 -2.611448490810447 0.0 -1.2345913594626936 -1.86817531702995 0.0 7.4622151428759755 -1.74799997557289 
3 0.0 0.0 0.0 -0.6293352901915668 0.0 0.629335290191563 0.0 
3 0.0 0.0 0.0 0.0 0.0 0.0 0.0 
3 0.0 0.0 0.0 0.0 -10.000000000000004 10.0 0.0 
3 0.0 -0.5188729649100614 0.0 0.0 0.0 0.51887296491006 0.0 
3 0.0 0.0 0.0 0.0 0.0 0.0 0.0 
3 0.0 -10.000000000000016 0.0 0.0 0.0 10.0 0.0 
3 0.0 -9.999999999999998 0.0 0.0 0.0 10.0 0.0 
3 0.0 0.0 0.0 -9.999999999999996 0.0 10.0 0.0 
3 0.0 0.0 0.0 0.0 0.0 0.0 0.0 
3 0.0 -9.999999999999996 0.0 0.0 0.0 10.0 0.0 
3 -0.6511918764994773 -0.3829419425438467 -0.5861584050431674 -0.5848788951138045 -0.6641586989794895 3.479547207005057 -0.6102173888252731 
3 0.0 0.0 0.0 0.0 0.0 3.5044758637743398E-15 0.0 
3 0.0 -0.015154647312226526 0.0 -0.08674155637765675 0.0 0.10189620368988463 0.0 
3 -1.3069473537903467 0.0 0.0 -5.0336935370988884 -3.659359109110766 10.0 0.0 
3 -0.38414950108380497 0.0 0.0 -0.5616072483845331 -0.7173954544751348 2.4569952241028234 -0.7938430201593519 
3 0.0 0.0 0.0 0.0 0.0 0.0 0.0 
3 0.0 0.0 0.0 0.0 0.0 0.0 0.0 
3 0.0 0.0 0.0 -8.800345301133035 0.0 8.800345301133037 0.0 
3 -9.99999999999999 0.0 0.0 0.0 0.0 10.0 0.0 
3 0.0 0.0 0.0 0.0 0.0 0.0 0.0 
3 -10.000000000000004 0.0 0.0 0.0 0.0 10.0 0.0 
3 0.0 0.0 0.0 0.0 -7.026222386960093 10.0 -2.9737776130399105 
3 0.0 -10.000000000000016 0.0 0.0 0.0 10.0 0.0 
3 0.0 0.0 0.0 0.0 0.0 0.0 0.0 
3 0.0 0.0 0.0 0.0 0.0 0.0 0.0 
3 0.0 0.0 0.0 0.0 0.0 0.0 0.0 
3 -0.3954684716646742 0.0 -0.18079966738867428 0.0 0.0 0.8099832201680003 -0.2337150811146513 
3 0.0 0.0 0.0 0.0 -9.999999999999986 10.0 0.0 
3 0.0 -10.0 0.0 0.0 0.0 10.0 0.0 
3 -0.23478262617918472 0.0 0.0 0.0 0.0 0.23478262617919127 0.0 
3 0.0 0.0 0.0 0.0 0.0 0.0 0.0 
3 0.0 0.0 0.0 0.0 0.0 0.0 0.0 
3 0.0 0.0 -9.999999999999991 0.0 0.0 10.0 0.0 
3 0.0 0.0 0.0 0.0 0.0 0.0 0.0 
3 0.0 0.0 0.0 0.0 0.0 5.204454228218447E-15 0.0 
3 -0.18822634170443367 -0.08498550481925343 -0.17717020753772578 -0.17393725928033948 -0.20247513456673397 1.0248792509594005 -0.1980848030509139 
3 -1.2349677771009948 -0.7300192238861609 -1.1921144611075039 -1.6045786185502318 -1.277541185313919 7.303072758884545 -1.2638514929257345 
3 0.0 -10.0 0.0 0.0 0.0 10.0 0.0 
3 0.0 0.0 0.0 0.0 0.0 1.1930298945753057E-15 0.0 
3 0.0 -9.999999999999995 0.0 0.0 0.0 10.0 0.0 
3 -0.0027738609939914195 -2.079355664160457E-5 -0.0017996987187153379 0.0 -0.0012000828655776385 0.013606516825110741 -0.007812080690186131 
3 0.0 0.0 0.0 0.0 -10.000000000000004 10.0 0.0 
3 0.0 0.0 0.0 0.0 0.0 0.0 0.0 
3 -0.3891053105985952 -0.2187145687821508 -0.381574471269764 -0.3490496146167355 -0.45337078648989 2.2208621812737483 -0.4290474295166112 
3 -2.0670192667051386 0.0 -1.6231534923729283 0.0 -0.8935010754461024 6.040320417048208 -1.456646582524055 
3 0.0 0.0 0.0 0.0 0.0 0.0 0.0 
1 0.0 0.0 0.0 0.0 0.0 0.0 0.0 
1 0.0 -9.999999999999998 0.0 0.0 0.0 0.0 10.0 
1 0.0 0.0 0.0 0.0 -10.000000000000023 0.0 10.0 
1 0.0 0.0 0.0 0.0 -10.000000000000002 0.0 10.0 
1 -1.6890859384955568 -0.3308856516844831 -1.4469335061166115 -0.9453073487963948 -1.053305525304187 -1.5611705657060129 7.026688536103249 
1 0.0 0.0 0.0 0.0 0.0 0.0 0.0 
1 0.0 0.0 0.0 0.0 -10.0 0.0 10.0 
1 0.0 0.0 0.0 0.0 0.0 0.0 0.0 
1 0.0 0.0 0.0 -6.579743588412473 -3.4202564115875003 0.0 10.0 
1 0.0 -2.626781048537555 0.0 -7.3732189514624356 0.0 0.0 10.0 
1 0.0 0.0 0.0 0.0 0.0 0.0 0.0 
1 0.0 0.0 0.0 0.0 -10.000000000000014 0.0 10.0 
1 0.0 0.0 0.0 0.0 0.0 0.0 0.0 
1 0.0 -1.178464800444211 0.0 0.0 0.0 0.0 1.178464800444211 
1 0.0 0.0 0.0 0.0 0.0 0.0 1.1851724850137519E-14 
1 0.0 0.0 0.0 0.0 -9.99999999999999 0.0 10.0 
1 0.0 0.0 0.0 0.0 0.0 0.0 1.264005007311547E-15 
1 0.0 0.0 0.0 0.0 0.0 0.0 0.0 
1 0.0 0.0 0.0 0.0 0.0 0.0 0.0 
1 0.0 0.0 0.0 0.0 0.0 0.0 0.0 
1 0.0 0.0 0.0 0.0 -9.999999999999996 0.0 10.0 
1 0.0 0.0 0.0 0.0 0.0 0.0 0.0 
1 0.0 0.0 0.0 -9.999999999999998 0.0 0.0 10.0 
1 0.0 0.0 0.0 -0.8785141193638775 0.0 0.0 0.8785141193638756 
1 -0.3722949503600621 -0.2522377608768571 -0.29670850181691694 -0.2585975465639848 -0.16766274597088973 -0.31211607650756457 1.6596175820962773 
1 0.0 0.0 0.0 0.0 -10.00000000000001 0.0 10.0 
1 0.0 0.0 -2.1747356639252953 0.0 -7.825264336074707 0.0 10.0 
1 -0.6669618858856853 0.0 -2.7439254030032996 -6.589112711111019 0.0 0.0 10.0 
1 0.0 0.0 0.0 0.0 0.0 0.0 0.0 
1 0.0 0.0 0.0 0.0 0.0 0.0 0.0 
1 0.0 0.0 0.0 0.0 0.0 0.0 0.0 
1 0.0 0.0 0.0 0.0 0.0 0.0 0.0 
1 0.0 -6.481625249474994 -1.6296699303579125 0.0 0.0 -1.8887048201670842 10.0 
1 0.0 0.0 0.0 0.0 0.0 0.0 0.0 
1 0.0 0.0 0.0 -10.0 0.0 0.0 10.0 
1 0.0 0.0 0.0 0.0 0.0 0.0 0.0 
1 0.0 0.0 0.0 0.0 0.0 0.0 -3.546894280815607E-15 
1 0.0 0.0 0.0 0.0 -10.000000000000004 0.0 10.0 
1 0.0 0.0 0.0 0.0 -10.000000000000002 0.0 10.0 
1 0.0 0.0 0.0 0.0 0.0 0.0 0.0 
1 0.0 -9.999999999999996 0.0 0.0 0.0 0.0 10.0 
1 0.0 0.0 0.0 0.0 0.0 0.0 9.545331568998709E-15 
1 0.0 0.0 0.0 0.0 -10.000000000000004 0.0 10.0 
1 0.0 0.0 0.0 0.0 -9.999999999999996 0.0 10.0 
1 0.0 0.0 0.0 0.0 -9.999999999999995 0.0 10.0 
1 0.0 -10.000000000000005 0.0 0.0 0.0 0.0 10.0 
1 0.0 0.0 0.0 -10.0 0.0 0.0 10.0 
1 0.0 0.0 0.0 -10.0 0.0 0.0 10.0 
1 0.0 0.0 0.0 0.0 -9.999999999999996 0.0 10.0 
1 0.0 0.0 0.0 0.0 0.0 0.0 0.0 
1 0.0 0.0 0.0 0.0 0.0 0.0 0.0 
1 -3.6924810599268088 -2.561478194989352 -0.33650601277353487 -3.2236894640531797 0.0 -0.1858452682571258 10.0 
1 0.0 0.0 0.0 0.0 0.0 0.0 0.0 
1 0.0 -9.999999999999998 0.0 0.0 0.0 0.0 10.0 
1 -0.24512728304998305 -0.158143357731421 -0.1902816322587671 -0.17086733488322609 -0.10850096141240449 -0.2013285004647348 1.0742490698005367 
1 -8.276359759917659 0.0 -1.7236402400823405 0.0 0.0 0.0 10.0 
1 0.0 0.0 0.0 0.0 0.0 0.0 0.0 
1 0.0 0.0 0.0 0.0 -9.999999999999995 0.0 10.0 
1 0.0 0.0 0.0 -1.276708109023898 -1.1966355712664505 -2.077811856769716 4.55115553706007 
1 0.0 0.0 0.0 0.0 -9.999999999999996 0.0 10.0 
1 0.0 0.0 -0.17239844718858152 0.0 0.0 0.0 0.17239844718858918 
1 0.0 0.0 0.0 0.0 0.0 -10.000000000000002 10.0 
1 -0.9958589941591721 -0.528043518831063 0.0 -0.7819631004548866 -0.6258648136691004 -0.8449492230286328 3.7766796501428543 
1 0.0 0.0 0.0 0.0 0.0 0.0 0.0 
1 0.0 0.0 0.0 0.0 -10.000000000000007 0.0 10.0 
1 0.0 -10.000000000000002 0.0 0.0 0.0 0.0 10.0 
1 -0.39331639296245263 -0.26501277527135114 -0.315467567540215 -0.2701907395352203 -0.17407895367827814 -0.32455235505115887 1.7426187840386758 
1 0.0 0.0 0.0 0.0 -9.999999999999998 0.0 10.0 
1 -0.23502668948722732 -0.11368556437867613 -0.16751819323570832 -0.1588928422249074 -0.09652149855407931 -0.17667401400942767 0.9483188018900254 
1 -1.7351290065286327 -1.432898593632407 -1.9569488718037296 0.0 -0.7502545443681379 -1.147600314978463 7.022831331311366 
1 0.0 0.0 0.0 0.0 0.0 0.0 0.0 
1 0.0 0.0 0.0 0.0 0.0 0.0 -9.027498951646485E-15 
1 0.0 0.0 0.0 0.0 -10.000000000000004 0.0 10.0 
1 -0.0042094318938719726 -0.003627828751215576 0.0 0.0 0.0 -0.004315634814583895 0.012152895459670649 
1 0.0 0.0 0.0 -10.000000000000005 0.0 0.0 10.0 
1 0.0 0.0 0.0 0.0 -2.5185447489679835 -7.481455251032016 10.0 
1 0.0 0.0 0.0 0.0 0.0 0.0 0.0 
1 0.0 0.0 0.0 0.0 0.0 0.0 0.0 
1 0.0 0.0 0.0 0.0 -10.000000000000005 0.0 10.0 
1 0.0 0.0 0.0 0.0 0.0 0.0 0.0 
1 0.0 0.0 0.0 0.0 0.0 0.0 0.0 
1 0.0 0.0 0.0 -10.000000000000002 0.0 0.0 10.0 
1 0.0 0.0 0.0 0.0 0.0 0.0 5.969121826964601E-15 
1 0.0 0.0 0.0 0.0 0.0 0.0 0.0 
1 0.0 0.0 0.0 -9.118269943940577 -0.881730056059389 0.0 10.0 
1 0.0 0.0 0.0 0.0 0.0 0.0 0.0 
1 0.0 0.0 0.0 0.0 0.0 0.0 0.0 
1 0.0 0.0 0.0 0.0 0.0 0.0 0.0 
1 0.0 0.0 0.0 -10.000000000000005 0.0 0.0 10.0 
1 0.0 0.0 -10.0 0.0 0.0 0.0 10.0 
1 0.0 0.0 0.0 -9.999999999999995 0.0 0.0 10.0 
1 -0.2452347887115185 -0.15808022117436157 -0.1908398632016932 -0.17094553744229082 -0.10862897374808736 -0.20048514654978697 1.0742145308277369 
1 -9.999999999999998 0.0 0.0 0.0 0.0 0.0 10.0 
1 0.0 0.0 0.0 0.0 0.0 0.0 0.0 
1 0.0 0.0 0.0 -1.7671046755626336 0.0 -2.4189407284564504 4.186045404019093 
1 0.0 0.0 0.0 0.0 0.0 0.0 0.0 
1 0.0 0.0 -0.7409066441799343 0.0 0.0 0.0 0.7409066441799343 
