2 0.0 0.0 0.0 0.0 0.0 0.0 0.0 
2 0.0 0.0 0.0 0.0 0.0 0.0 0.0 
2 10.0 -9.999999999999995 0.0 0.0 0.0 0.0 0.0 
2 10.0 -7.101259388611859 -2.8987406113881464 0.0 0.0 0.0 0.0 
2 10.0 -9.198244688536661 0.0 0.0 0.0 0.0 -0.8017553114633394 
2 10.0 0.0 0.0 0.0 -10.000000000000014 0.0 0.0 
2 10.0 0.0 0.0 0.0 -10.000000000000004 0.0 0.0 
2 10.0 0.0 0.0 -10.000000000000002 0.0 0.0 0.0 
2 4.331944288395274 -4.331944288395274 0.0 0.0 0.0 0.0 0.0 
2 10.0 0.0 0.0 0.0 0.0 -9.999999999999996 0.0 
2 10.0 0.0 -10.000000000000004 0.0 0.0 0.0 0.0 
2 10.0 0.0 0.0 0.0 -10.000000000000009 0.0 0.0 
2 0.0 0.0 0.0 0.0 0.0 0.0 0.0 
2 10.0 -9.99999999999999 0.0 0.0 0.0 0.0 0.0 
2 0.0 0.0 0.0 0.0 0.0 0.0 0.0 
2 0.0 0.0 0.0 0.0 0.0 0.0 0.0 
2 10.0 0.0 0.0 0.0 0.0 0.0 -9.999999999999988 
2 0.0 0.0 0.0 0.0 0.0 0.0 0.0 
2 10.0 -1.2790161835249958 0.0 -8.720983816474984 0.0 0.0 0.0 
2 10.0 -10.0 0.0 0.0 0.0 0.0 0.0 
2 0.0 0.0 0.0 0.0 0.0 0.0 0.0 
2 0.0 0.0 0.0 0.0 0.0 0.0 0.0 
2 0.0 0.0 0.0 0.0 0.0 0.0 0.0 
2 10.0 -9.999999999999984 0.0 0.0 0.0 0.0 0.0 
2 0.0 0.0 0.0 0.0 0.0 0.0 0.0 
2 0.0 0.0 0.0 0.0 0.0 0.0 0.0 
2 1.5817577098189476E-14 0.0 0.0 0.0 0.0 0.0 0.0 
2 10.0 -9.999999999999986 0.0 0.0 0.0 0.0 0.0 
2 10.0 -10.000000000000009 0.0 0.0 0.0 0.0 0.0 
2 10.0 0.0 0.0 0.0 -9.999999999999998 0.0 0.0 
2 10.0 -10.00000000000001 0.0 0.0 0.0 0.0 0.0 
2 0.0 0.0 0.0 0.0 0.0 0.0 0.0 
2 0.0 0.0 0.0 0.0 0.0 0.0 0.0 
2 0.0 0.0 0.0 0.0 0.0 0.0 0.0 
2 10.0 0.0 -10.000000000000004 0.0 0.0 0.0 0.0 
2 0.0 0.0 0.0 0.0 0.0 0.0 0.0 
2 10.0 -10.000000000000002 0.0 0.0 0.0 0.0 0.0 
2 0.0 0.0 0.0 0.0 0.0 0.0 0.0 
2 0.0 0.0 0.0 0.0 0.0 0.0 0.0 
2 0.0 0.0 0.0 0.0 0.0 0.0 0.0 
2 0.0 0.0 0.0 0.0 0.0 0.0 0.0 
2 0.0 0.0 0.0 0.0 0.0 0.0 0.0 
2 0.0 0.0 0.0 0.0 0.0 0.0 0.0 
2 10.0 0.0 0.0 0.0 0.0 0.0 -9.999999999999995 
2 0.0 0.0 0.0 0.0 0.0 0.0 0.0 
2 10.0 0.0 0.0 0.0 -9.999999999999995 0.0 0.0 
2 0.0 0.0 0.0 0.0 0.0 0.0 0.0 
2 0.0 0.0 0.0 0.0 0.0 0.0 0.0 
2 0.0 0.0 0.0 0.0 0.0 0.0 0.0 
2 10.0 0.0 -9.99999999999999 0.0 0.0 0.0 0.0 
2 10.0 -9.999999999999991 0.0 0.0 0.0 0.0 0.0 
2 0.0 0.0 0.0 0.0 0.0 0.0 0.0 
2 10.0 0.0 0.0 0.0 0.0 -10.000000000000002 0.0 
2 10.0 0.0 -10.000000000000012 0.0 0.0 0.0 0.0 
2 1.4887079837063573 0.0 0.0 0.0 -1.4887079837063573 0.0 0.0 
2 10.0 0.0 0.0 0.0 -10.000000000000009 0.0 0.0 
2 0.0 0.0 0.0 0.0 0.0 0.0 0.0 
2 0.0 0.0 0.0 0.0 0.0 0.0 0.0 
2 10.0 -2.2502448620229445 0.0 -3.196171722502322 -4.553583415474736 0.0 0.0 
2 10.0 0.0 0.0 -10.000000000000002 0.0 0.0 0.0 
2 0.0 0.0 0.0 0.0 0.0 0.0 0.0 
2 10.0 -9.999999999999996 0.0 0.0 0.0 0.0 0.0 
2 3.4665653453891876 0.0 0.0 -3.0114761240968835 0.0 -0.45508922129229407 0.0 
2 0.0 0.0 0.0 0.0 0.0 0.0 0.0 
2 10.0 -9.999999999999993 0.0 0.0 0.0 0.0 0.0 
2 0.0 0.0 0.0 0.0 0.0 0.0 0.0 
2 10.0 -10.0 0.0 0.0 0.0 0.0 0.0 
2 10.0 0.0 -10.000000000000007 0.0 0.0 0.0 0.0 
2 0.0 0.0 0.0 0.0 0.0 0.0 0.0 
2 0.0 0.0 0.0 0.0 0.0 0.0 0.0 
2 1.891209955014499E-14 0.0 0.0 0.0 0.0 0.0 0.0 
2 10.0 -9.99999999999998 0.0 0.0 0.0 0.0 0.0 
2 10.0 0.0 0.0 0.0 -10.000000000000004 0.0 0.0 
2 0.0 0.0 0.0 0.0 0.0 0.0 0.0 
2 0.0 0.0 0.0 0.0 0.0 0.0 0.0 
2 10.0 0.0 0.0 0.0 0.0 -10.000000000000002 0.0 
2 0.0 0.0 0.0 0.0 0.0 0.0 0.0 
2 0.0 0.0 0.0 0.0 0.0 0.0 0.0 
2 0.0 0.0 0.0 0.0 0.0 0.0 0.0 
2 10.0 0.0 0.0 0.0 -9.999999999999998 0.0 0.0 
2 0.0 0.0 0.0 0.0 0.0 0.0 0.0 
2 10.0 -9.999999999999993 0.0 0.0 0.0 0.0 0.0 
2 0.0 0.0 0.0 0.0 0.0 0.0 0.0 
2 0.0 0.0 0.0 0.0 0.0 0.0 0.0 
2 10.0 -10.00000000000001 0.0 0.0 0.0 0.0 0.0 
2 0.0 0.0 0.0 0.0 0.0 0.0 0.0 
2 10.0 0.0 0.0 -10.000000000000005 0.0 0.0 0.0 
2 0.0 0.0 0.0 0.0 0.0 0.0 0.0 
2 10.0 0.0 0.0 0.0 0.0 -10.00000000000001 0.0 
2 3.3477097263527673 0.0 0.0 0.0 -1.059511428967273 0.0 -2.288198297385494 
2 1.1613729434346233E-14 0.0 0.0 0.0 0.0 0.0 0.0 
2 0.0 0.0 0.0 0.0 0.0 0.0 0.0 
2 0.015690758476755856 -0.00957302833027758 -0.0011510450867212674 -5.0534106431599774E-5 -0.003027510395790984 -0.0017566742930244898 -1.3196626451112458E-4 
2 10.0 0.0 0.0 -10.000000000000002 0.0 0.0 0.0 
2 10.0 0.0 0.0 -9.999999999999998 0.0 0.0 0.0 
2 -1.40798200411386E-14 0.0 0.0 0.0 0.0 0.0 0.0 
2 0.0 0.0 0.0 0.0 0.0 0.0 0.0 
2 0.817218054629676 -0.10961201278390721 -0.1473133077360754 -0.07115587388416739 -0.13070513804579423 -0.14553377066950235 -0.21289795151023008 
2 0.0 0.0 0.0 0.0 0.0 0.0 0.0 
2 0.0 0.0 0.0 0.0 0.0 0.0 0.0 
2 10.0 0.0 0.0 -10.000000000000002 0.0 0.0 0.0 
2 0.0 0.0 0.0 0.0 0.0 0.0 0.0 
2 10.0 0.0 0.0 -9.999999999999998 0.0 0.0 0.0 
2 0.0 0.0 0.0 0.0 0.0 0.0 0.0 
2 0.0 0.0 0.0 0.0 0.0 0.0 0.0 
2 0.0 0.0 0.0 0.0 0.0 0.0 0.0 
2 10.0 0.0 0.0 -10.000000000000002 0.0 0.0 0.0 
2 0.0 0.0 0.0 0.0 0.0 0.0 0.0 
2 10.0 0.0 0.0 -10.0 0.0 0.0 0.0 
2 10.0 0.0 0.0 -10.000000000000005 0.0 0.0 0.0 
2 10.0 0.0 0.0 -10.000000000000005 0.0 0.0 0.0 
2 10.0 0.0 0.0 0.0 -10.000000000000002 0.0 0.0 
2 0.0 0.0 0.0 0.0 0.0 0.0 0.0 
2 10.0 0.0 -1.1196683939992487 0.0 0.0 -8.311267085271437 -0.569064520729357 
2 1.1632954790549822E-14 0.0 0.0 0.0 0.0 0.0 0.0 
2 10.0 0.0 -9.999999999999996 0.0 0.0 0.0 0.0 
2 0.0 0.0 0.0 0.0 0.0 0.0 0.0 
2 10.0 -10.000000000000004 0.0 0.0 0.0 0.0 0.0 
2 10.0 -9.999999999999972 0.0 0.0 0.0 0.0 0.0 
2 10.0 0.0 0.0 -9.999999999999998 0.0 0.0 0.0 
2 10.0 0.0 0.0 -9.999999999999998 0.0 0.0 0.0 
2 0.0 0.0 0.0 0.0 0.0 0.0 0.0 
2 0.0 0.0 0.0 0.0 0.0 0.0 0.0 
2 0.0 0.0 0.0 0.0 0.0 0.0 0.0 
2 10.0 0.0 0.0 0.0 0.0 -10.000000000000004 0.0 
2 0.0 0.0 0.0 0.0 0.0 0.0 0.0 
2 0.0 0.0 0.0 0.0 0.0 0.0 0.0 
2 0.0 0.0 0.0 0.0 0.0 0.0 0.0 
2 10.0 -4.3313607213753045 -5.668639278624697 0.0 0.0 0.0 0.0 
2 0.0 0.0 0.0 0.0 0.0 0.0 0.0 
2 10.0 -0.44684144488184 -9.527690078277473 0.0 0.0 0.0 -0.02546847684068718 
2 0.0 0.0 0.0 0.0 0.0 0.0 0.0 
2 10.0 0.0 0.0 -10.0 0.0 0.0 0.0 
2 2.4655735757945267 0.0 -1.4166120613734718 0.0 -0.2179001452070152 0.0 -0.8310613692140413 
2 10.0 0.0 0.0 -10.000000000000005 0.0 0.0 0.0 
2 10.0 -4.035563778064477 0.0 0.0 -5.964436221935518 0.0 0.0 
2 -1.8101059461694607E-15 0.0 0.0 0.0 0.0 0.0 0.0 
2 10.0 0.0 0.0 -10.000000000000004 0.0 0.0 0.0 
2 10.0 -2.228361893890018 -6.88430745663437 -0.47424168025445596 0.0 0.0 -0.41308896922115645 
2 -1.740822615837953E-15 0.0 0.0 0.0 0.0 0.0 0.0 
2 10.0 0.0 0.0 -10.0 0.0 0.0 0.0 
2 0.0 0.0 0.0 0.0 0.0 0.0 0.0 
2 0.0 0.0 0.0 0.0 0.0 0.0 0.0 
2 10.0 0.0 0.0 0.0 0.0 -10.000000000000007 0.0 
2 10.0 -9.99999999999997 0.0 0.0 0.0 0.0 0.0 
2 10.0 -9.999999999999995 0.0 0.0 0.0 0.0 0.0 
2 10.0 -10.000000000000014 0.0 0.0 0.0 0.0 0.0 
2 10.0 -10.000000000000004 0.0 0.0 0.0 0.0 0.0 
2 10.0 -9.999999999999986 0.0 0.0 0.0 0.0 0.0 
2 10.0 0.0 0.0 -9.999999999999995 0.0 0.0 0.0 
2 10.0 -5.9569613986877575E-6 0.0 0.0 -2.43757682634769E-6 -9.999989960233082 -1.6452286932296052E-6 
2 0.0 0.0 0.0 0.0 0.0 0.0 0.0 
2 10.0 0.0 0.0 -7.440514025944287 -2.5594859740556997 0.0 0.0 
2 10.0 -10.0 0.0 0.0 0.0 0.0 0.0 
2 0.0 0.0 0.0 0.0 0.0 0.0 0.0 
2 7.718281827440256 -0.7538410535333891 -6.7302325835238745 -0.17037109208503076 0.0 -0.0550463420793961 -0.008790756218564788 
2 10.0 -10.000000000000007 0.0 0.0 0.0 0.0 0.0 
2 10.0 0.0 0.0 -10.000000000000004 0.0 0.0 0.0 
0 0.0 0.36126655614388564 0.0 0.0 -0.36126655614388564 0.0 0.0 
0 0.0 7.956832796103557 -7.956832796103563 0.0 0.0 0.0 0.0 
0 0.0 10.0 0.0 -10.000000000000002 0.0 0.0 0.0 
0 0.0 0.0 0.0 0.0 0.0 0.0 0.0 
0 0.0 10.0 -9.999999999999998 0.0 0.0 0.0 0.0 
0 0.0 0.0 0.0 0.0 0.0 0.0 0.0 
0 0.0 0.0 0.0 0.0 0.0 0.0 0.0 
0 0.0 1.3680065042486955 -0.8454373921774483 0.0 0.0 -0.5225691120712467 0.0 
0 0.0 1.3248453070151056 0.0 0.0 0.0 0.0 -1.3248453070151056 
0 0.0 0.0 0.0 0.0 0.0 0.0 0.0 
0 -0.4803446280269734 10.0 -8.804167117667566 0.0 0.0 0.0 -0.7154882543054599 
0 0.0 0.0 0.0 0.0 0.0 0.0 0.0 
0 0.0 0.0 0.0 0.0 0.0 0.0 0.0 
0 0.0 10.0 0.0 -6.778740888740538 0.0 0.0 -3.221259111259437 
0 0.0 0.0 0.0 0.0 0.0 0.0 0.0 
0 0.0 10.0 0.0 0.0 0.0 -7.804611250050589 -2.1953887499494096 
0 0.0 10.0 -9.999999999999996 0.0 0.0 0.0 0.0 
0 0.0 0.0 0.0 0.0 0.0 0.0 0.0 
0 0.0 0.0 0.0 0.0 0.0 0.0 0.0 
0 0.0 10.0 0.0 -9.999999999999996 0.0 0.0 0.0 
0 0.0 0.0 0.0 0.0 0.0 0.0 0.0 
0 0.0 0.0 0.0 0.0 0.0 0.0 0.0 
0 0.0 0.0 0.0 0.0 0.0 0.0 0.0 
0 0.0 0.14196924182027165 0.0 -0.09213710289658873 0.0 -0.04983213892368428 0.0 
0 0.0 0.0 0.0 0.0 0.0 0.0 0.0 
0 0.0 0.0 0.0 0.0 0.0 0.0 0.0 
0 0.0 0.0 0.0 0.0 0.0 0.0 0.0 
0 0.0 0.0 0.0 0.0 0.0 0.0 0.0 
0 0.0 0.0 0.0 0.0 0.0 0.0 0.0 
0 -10.00000000000001 10.0 0.0 0.0 0.0 0.0 0.0 
0 0.0 10.0 0.0 0.0 0.0 -9.999999999999993 0.0 
0 0.0 10.0 -10.000000000000002 0.0 0.0 0.0 0.0 
0 0.0 10.0 0.0 -9.999999999999998 0.0 0.0 0.0 
0 0.0 -1.2121344840874956E-14 0.0 0.0 0.0 0.0 0.0 
0 0.0 0.0 0.0 0.0 0.0 0.0 0.0 
0 0.0 0.0 0.0 0.0 0.0 0.0 0.0 
0 -2.2532506389758704 7.616042566816677 -1.7690147325889511 0.0 -1.4257913405789897 0.0 -2.167985854672859 
0 -0.007417616641254344 0.02626539388541053 -0.010306649891576751 -0.003141925982750409 -0.0014654092208603229 -0.003470075794849503 -4.6371635411999616E-4 
0 0.0 0.0 0.0 0.0 0.0 0.0 0.0 
0 0.0 0.0 0.0 0.0 0.0 0.0 0.0 
0 0.0 0.0 0.0 0.0 0.0 0.0 0.0 
0 0.0 0.0 0.0 0.0 0.0 0.0 0.0 
0 0.0 0.0 0.0 0.0 0.0 0.0 0.0 
0 0.0 0.0 0.0 0.0 0.0 0.0 0.0 
0 0.0 0.0 0.0 0.0 0.0 0.0 0.0 
0 -9.999999999999936 10.0 0.0 0.0 0.0 0.0 0.0 
0 0.0 1.896171931076584 0.0 0.0 0.0 -1.896171931076584 0.0 
0 -0.09557688244271483 0.5407312755670028 -0.05983204122762895 -0.07767040529656402 -0.10521341155976074 -0.046193639389022774 -0.15624489565131108 
0 0.0 0.0 0.0 0.0 0.0 0.0 0.0 
0 0.0 0.0 0.0 0.0 0.0 0.0 0.0 
0 0.0 0.0 0.0 0.0 0.0 0.0 0.0 
0 0.0 0.0 0.0 0.0 0.0 0.0 0.0 
0 -9.99999999999999 10.0 0.0 0.0 0.0 0.0 0.0 
0 0.0 0.0 0.0 0.0 0.0 0.0 0.0 
0 0.0 10.0 0.0 0.0 -9.999999999999998 0.0 0.0 
0 0.0 0.0 0.0 0.0 0.0 0.0 0.0 
0 0.0 10.0 0.0 0.0 0.0 -9.999999999999993 0.0 
0 0.0 10.0 0.0 0.0 0.0 -10.000000000000005 0.0 
0 -10.0 10.0 0.0 0.0 0.0 0.0 0.0 
0 0.0 0.0 0.0 0.0 0.0 0.0 0.0 
0 0.0 0.0 0.0 0.0 0.0 0.0 0.0 
0 -10.00000000000004 10.0 0.0 0.0 0.0 0.0 0.0 
0 0.0 10.0 0.0 -9.999999999999996 0.0 0.0 0.0 
0 0.0 10.0 0.0 0.0 0.0 -9.999999999999996 0.0 
0 0.0 0.0 0.0 0.0 0.0 0.0 0.0 
0 -10.000000000000014 10.0 0.0 0.0 0.0 0.0 0.0 
0 0.0 0.0 0.0 0.0 0.0 0.0 0.0 
0 0.0 10.0 0.0 0.0 -9.999999999999993 0.0 0.0 
0 0.0 0.0 0.0 0.0 0.0 0.0 0.0 
0 -0.0012557191343991105 0.008528299997488258 -3.1204338047077765E-5 -0.0036546097099044734 -0.0017331364426885437 0.0 -0.0018536303724488213 
0 -6.087341286183391 10.0 0.0 -3.075957898693044 0.0 0.0 -0.8367008151235621 
0 0.0 0.0 0.0 0.0 0.0 0.0 0.0 
0 0.0 0.0 0.0 0.0 0.0 0.0 0.0 
0 0.0 0.0 0.0 0.0 0.0 0.0 0.0 
0 -6.859291684823348 10.0 0.0 0.0 0.0 0.0 -3.1407083151766964 
0 0.0 0.0 0.0 0.0 0.0 0.0 0.0 
0 0.0 1.6529768068452064 0.0 0.0 -1.6529768068451998 0.0 0.0 
0 0.0 10.0 -9.999999999999993 0.0 0.0 0.0 0.0 
0 0.0 0.0 0.0 0.0 0.0 0.0 0.0 
0 0.0 1.7139596730299538E-15 0.0 0.0 0.0 0.0 0.0 
0 -0.1917863287326855 0.6474774137829972 0.0 -0.003104161164273274 -0.19862890766841027 -0.02156074323116713 -0.23239727298646098 
0 0.0 0.0 0.0 0.0 0.0 0.0 0.0 
0 0.0 10.0 0.0 0.0 0.0 -10.0 0.0 
0 0.0 10.0 0.0 0.0 0.0 0.0 -9.999999999999996 
0 0.0 -5.916860772151104E-15 0.0 0.0 0.0 0.0 0.0 
0 0.0 0.0 0.0 0.0 0.0 0.0 0.0 
0 0.0 0.0 0.0 0.0 0.0 0.0 0.0 
0 0.0 5.071758031446699 0.0 0.0 0.0 -5.0717580314467 0.0 
0 0.0 10.0 -9.999999999999986 0.0 0.0 0.0 0.0 
0 0.0 10.0 -6.299870430772509 0.0 0.0 -3.7001295692274976 0.0 
0 0.0 0.0 0.0 0.0 0.0 0.0 0.0 
0 0.0 10.0 -10.000000000000002 0.0 0.0 0.0 0.0 
0 0.0 0.0 0.0 0.0 0.0 0.0 0.0 
0 -5.720325026383597 10.0 0.0 -0.23152180399178718 -1.1087272743919263 -0.9792072893110971 -1.9602186059215787 
0 0.0 0.0 0.0 0.0 0.0 0.0 0.0 
0 -0.0377626119591372 0.03776261195913745 0.0 0.0 0.0 0.0 0.0 
0 0.0 0.0 0.0 0.0 0.0 0.0 0.0 
0 0.0 0.0 0.0 0.0 0.0 0.0 0.0 
0 0.0 0.0 0.0 0.0 0.0 0.0 0.0 
0 0.0 10.0 0.0 -10.000000000000018 0.0 0.0 0.0 
0 0.0 0.0 0.0 0.0 0.0 0.0 0.0 
0 0.0 0.0 0.0 0.0 0.0 0.0 0.0 
0 0.0 10.0 0.0 0.0 0.0 -10.0 0.0 
0 0.0 0.0 0.0 0.0 0.0 0.0 0.0 
0 0.0 10.0 0.0 -9.999999999999996 0.0 0.0 0.0 
0 0.0 0.0 0.0 0.0 0.0 0.0 0.0 
0 0.0 0.0 0.0 0.0 0.0 0.0 0.0 
0 -10.000000000000018 10.0 0.0 0.0 0.0 0.0 0.0 
0 0.0 10.0 -10.000000000000004 0.0 0.0 0.0 0.0 
0 0.0 0.0 0.0 0.0 0.0 0.0 0.0 
0 0.0 10.0 0.0 -10.0 0.0 0.0 0.0 
0 0.0 0.0 0.0 0.0 0.0 0.0 0.0 
0 -6.420022748978607 10.0 0.0 0.0 0.0 0.0 -3.579977251021399 
0 0.0 0.0 0.0 0.0 0.0 0.0 0.0 
0 0.0 6.01325193387588 -5.327433636635389 0.0 -0.36355347299221685 0.0 -0.3222648242482771 
0 -0.002639369747573232 0.016699984742958522 -0.010498525465593298 -0.001664591354691444 -8.159823016625168E-4 -5.446328862875073E-4 -5.368829871479384E-4 
0 -10.000000000000025 10.0 0.0 0.0 0.0 0.0 0.0 
0 0.0 0.0 0.0 0.0 0.0 0.0 0.0 
0 0.0 2.4289903746256595E-15 0.0 0.0 0.0 0.0 0.0 
0 0.0 10.0 -9.999999999999984 0.0 0.0 0.0 0.0 
0 -9.999999999999993 10.0 0.0 0.0 0.0 0.0 0.0 
0 0.0 0.0 0.0 0.0 0.0 0.0 0.0 
0 0.0 3.169619285154047 0.0 -2.1908254546420958 0.0 0.0 -0.9787938305119462 
0 0.0 0.0 0.0 0.0 0.0 0.0 0.0 
0 0.0 0.0 0.0 0.0 0.0 0.0 0.0 
0 0.0 0.0 0.0 0.0 0.0 0.0 0.0 
0 0.0 10.0 0.0 0.0 0.0 -9.999999999999979 0.0 
0 0.0 0.0 0.0 0.0 0.0 0.0 0.0 
0 0.0 10.0 0.0 -9.999999999999995 0.0 0.0 0.0 
0 0.0 0.0 0.0 0.0 0.0 0.0 0.0 
0 0.0 10.0 0.0 0.0 -9.999999999999996 0.0 0.0 
0 -0.18390978107713965 0.9726987592238993 -0.1751780922248946 -0.0032968412009466556 -0.1941436611035033 -0.13568834040603397 -0.2804820432113841 
0 0.0 0.0 0.0 0.0 0.0 0.0 0.0 
0 0.0 0.0 0.0 0.0 0.0 0.0 0.0 
0 0.0 0.0 0.0 0.0 0.0 0.0 0.0 
0 0.0 3.5932516662270397 0.0 -3.5932516662270397 0.0 0.0 0.0 
0 0.0 10.0 0.0 0.0 0.0 -10.000000000000004 0.0 
0 -1.4388158167492233 10.0 -8.561184183250777 0.0 0.0 0.0 0.0 
0 0.0 0.0 0.0 0.0 0.0 0.0 0.0 
0 0.0 10.0 0.0 0.0 0.0 -9.999999999999995 0.0 
0 -9.130133460334623 10.0 0.0 0.0 0.0 0.0 -0.8698665396653826 
0 0.0 0.0 0.0 0.0 0.0 0.0 0.0 
0 0.0 0.0 0.0 0.0 0.0 0.0 0.0 
0 0.0 0.0 0.0 0.0 0.0 0.0 0.0 
0 -0.006613940753254153 0.020621704242043303 -1.6771381817724942E-4 -0.006850312524540639 -0.002232758553934586 -0.004756978592136675 0.0 
0 0.0 10.0 0.0 0.0 0.0 -9.999999999999991 0.0 
0 0.0 10.0 0.0 -10.000000000000025 0.0 0.0 0.0 
0 0.0 10.0 0.0 0.0 0.0 -9.999999999999995 0.0 
0 0.0 10.0 0.0 0.0 0.0 0.0 -9.999999999999996 
0 0.0 -1.9726804115484402E-14 0.0 0.0 0.0 0.0 0.0 
0 0.0 0.0 0.0 0.0 0.0 0.0 0.0 
0 0.0 10.0 -10.000000000000007 0.0 0.0 0.0 0.0 
0 0.0 0.0 0.0 0.0 0.0 0.0 0.0 
0 0.0 10.0 -9.999999999999995 0.0 0.0 0.0 0.0 
0 0.0 0.0 0.0 0.0 0.0 0.0 0.0 
0 0.0 10.0 0.0 -9.999999999999982 0.0 0.0 0.0 
0 0.0 0.0 0.0 0.0 0.0 0.0 0.0 
0 0.0 0.0 0.0 0.0 0.0 0.0 0.0 
0 0.0 0.0 0.0 0.0 0.0 0.0 0.0 
0 -0.09738657179953673 0.5346347550039234 -0.049160039745842404 -0.07105666243003188 -0.1160924974653817 -0.04720664834109274 -0.15373233522203777 
0 -9.999999999999996 10.0 0.0 0.0 0.0 0.0 0.0 
0 -9.999999999999984 10.0 0.0 0.0 0.0 0.0 0.0 
0 -0.13115985600311997 0.7310377036467186 -0.06648963453548182 -0.1199128854310163 -0.1493024614990068 -0.08632315969071966 -0.1778497064873752 
0 0.0 1.3985092002687759E-14 0.0 0.0 0.0 0.0 0.0 
0 0.0 0.0 0.0 0.0 0.0 0.0 0.0 
0 0.0 0.0 0.0 0.0 0.0 0.0 0.0 
0 0.0 10.0 0.0 0.0 0.0 -10.000000000000007 0.0 
0 0.0 10.0 -10.000000000000023 0.0 0.0 0.0 0.0 
0 -0.10159540158912594 0.5440007781805464 -0.03697687356991246 -0.07696735836400746 -0.11918336562430777 -0.04843844950247938 -0.1608393295307138 
0 0.0 10.0 0.0 0.0 0.0 -10.0 0.0 
0 0.0 10.0 0.0 0.0 0.0 -9.999999999999995 0.0 
0 -0.15113352807367722 0.897774787500765 -0.1266054816909761 -0.14099750056240706 -0.17011412160262918 -0.11548309053731463 -0.19344106503375905 
0 0.0 10.0 0.0 0.0 0.0 -10.0 0.0 
0 0.0 0.0 0.0 0.0 0.0 0.0 0.0 
0 0.0 10.0 0.0 0.0 0.0 -10.0 0.0 
0 0.0 0.0 0.0 0.0 0.0 0.0 0.0 
0 0.0 0.0 0.0 0.0 0.0 0.0 0.0 
0 0.0 5.102865589792241E-15 0.0 0.0 0.0 0.0 0.0 
0 0.0 0.0 0.0 0.0 0.0 0.0 0.0 
0 0.0 0.0 0.0 0.0 0.0 0.0 0.0 
0 0.0 0.0 0.0 0.0 0.0 0.0 0.0 
0 -10.000000000000007 10.0 0.0 0.0 0.0 0.0 0.0 
0 0.0 0.0 0.0 0.0 0.0 0.0 0.0 
0 0.0 0.0 0.0 0.0 0.0 0.0 0.0 
0 0.0 10.0 0.0 0.0 -10.000000000000028 0.0 0.0 
0 0.0 10.0 0.0 0.0 0.0 -10.000000000000002 0.0 
0 0.0 0.0 0.0 0.0 0.0 0.0 0.0 
0 0.0 0.0 0.0 0.0 0.0 0.0 0.0 
0 0.0 0.0 0.0 0.0 0.0 0.0 0.0 
0 0.0 5.968112143058685E-15 0.0 0.0 0.0 0.0 0.0 
0 0.0 10.0 0.0 0.0 0.0 -9.999999999999998 0.0 
0 0.0 0.0 0.0 0.0 0.0 0.0 0.0 
0 0.0 10.0 0.0 0.0 0.0 -9.999999999999993 0.0 
0 0.0 0.0 0.0 0.0 0.0 0.0 0.0 
0 0.0 0.0 0.0 0.0 0.0 0.0 0.0 
0 0.0 10.0 -2.8080201924282573 -7.191979807571751 0.0 0.0 0.0 
0 -1.1381659286042694 1.5401449083110936 -0.40197897970682755 0.0 0.0 0.0 0.0 
0 0.0 0.0 0.0 0.0 0.0 0.0 0.0 
0 0.0 10.0 -4.625518792507539 0.0 -5.174425270630984 0.0 -0.20005593686148607 
0 0.0 0.0 0.0 0.0 0.0 0.0 0.0 
0 0.0 0.0 0.0 0.0 0.0 0.0 0.0 
0 0.0 0.0 0.0 0.0 0.0 0.0 0.0 
0 0.0 0.0 0.0 0.0 0.0 0.0 0.0 
0 0.0 0.0 0.0 0.0 0.0 0.0 0.0 
0 0.0 10.0 0.0 0.0 0.0 -10.0 0.0 
0 0.0 -1.5788375756206996E-14 0.0 0.0 0.0 0.0 0.0 
0 0.0 6.759074886789729E-15 0.0 0.0 0.0 0.0 0.0 
0 0.0 0.0 0.0 0.0 0.0 0.0 0.0 
0 0.0 0.0 0.0 0.0 0.0 0.0 0.0 
0 0.0 0.0 0.0 0.0 0.0 0.0 0.0 
0 0.0 0.0 0.0 0.0 0.0 0.0 0.0 
0 0.0 0.0 0.0 0.0 0.0 0.0 0.0 
0 0.0 10.0 0.0 -9.999999999999996 0.0 0.0 0.0 
0 0.0 1.7667773329396815E-15 0.0 0.0 0.0 0.0 0.0 
0 0.0 10.0 0.0 0.0 0.0 -9.999999999999996 0.0 
0 0.0 0.0 0.0 0.0 0.0 0.0 0.0 
0 0.0 -1.766777331406125E-15 0.0 0.0 0.0 0.0 0.0 
0 0.0 10.0 -3.8284294587810987 0.0 -5.130584773262568 0.0 -1.0409857679563355 
0 0.0 -3.589849657657224E-15 0.0 0.0 0.0 0.0 0.0 
0 -0.5201459909766871 1.3608746605001059 -0.04899721479571357 -0.0957432838747113 -0.21888957541427825 -0.1596638713572596 -0.31743472408145657 
0 -0.006293772780408949 0.040828860499085594 -0.006779673721228059 -0.006282422753241276 -0.007742749555813648 -0.0034374342932559357 -0.010292807395138343 
0 0.0 0.0 0.0 0.0 0.0 0.0 0.0 
0 0.0 0.0 0.0 0.0 0.0 0.0 0.0 
0 0.0 0.0 0.0 0.0 0.0 0.0 0.0 
0 0.0 10.0 0.0 0.0 0.0 -10.000000000000009 0.0 
0 -2.9244108459352844 10.0 0.0 0.0 0.0 -7.07558915406473 0.0 
0 0.0 0.0 0.0 0.0 0.0 0.0 0.0 
0 0.0 0.0 0.0 0.0 0.0 0.0 0.0 
0 0.0 10.0 0.0 0.0 0.0 -9.999999999999995 0.0 
0 0.0 0.0 0.0 0.0 0.0 0.0 0.0 
0 0.0 -9.977355661474439E-16 0.0 0.0 0.0 0.0 0.0 
0 0.0 -9.93179325621419E-16 0.0 0.0 0.0 0.0 0.0 
0 -0.09638177188939515 0.09638177188939853 0.0 0.0 0.0 0.0 0.0 
0 0.0 0.0 0.0 0.0 0.0 0.0 0.0 
0 -1.7492324953000857 7.430601293641068 -4.036481000364555 -0.8524683828373024 0.0 -0.7924194151391126 0.0 
0 0.0 0.0 0.0 0.0 0.0 0.0 0.0 
0 0.0 1.301470768517334E-15 0.0 0.0 0.0 0.0 0.0 
0 0.0 0.0 0.0 0.0 0.0 0.0 0.0 
0 -5.70797744769643 5.7079774476964245 0.0 0.0 0.0 0.0 0.0 
0 0.0 0.0 0.0 0.0 0.0 0.0 0.0 
0 0.0 0.0 0.0 0.0 0.0 0.0 0.0 
0 0.0 0.0 0.0 0.0 0.0 0.0 0.0 
0 0.0 0.0 0.0 0.0 0.0 0.0 0.0 
0 0.0 -4.172670864354952E-15 0.0 0.0 0.0 0.0 0.0 
0 0.0 10.0 0.0 -10.000000000000005 0.0 0.0 0.0 
0 0.0 0.0 0.0 0.0 0.0 0.0 0.0 
0 0.0 7.265259592809549 0.0 -7.265259592809555 0.0 0.0 0.0 
0 0.0 9.902870641841751 0.0 0.0 -0.2953492302320287 -9.260216171257088 -0.3473052403526324 
0 0.0 7.781900788237325 -0.40928934664433764 0.0 -1.430920381878346 -5.941691059714652 0.0 
0 0.0 0.0 0.0 0.0 0.0 0.0 0.0 
0 0.0 0.0 0.0 0.0 0.0 0.0 0.0 
0 0.0 10.0 0.0 0.0 0.0 -10.000000000000007 0.0 
0 -10.000000000000014 10.0 0.0 0.0 0.0 0.0 0.0 
0 0.0 1.2502448577946796 0.0 0.0 0.0 0.0 -1.2502448577946772 
0 0.0 0.0 0.0 0.0 0.0 0.0 0.0 
0 0.0 0.0 0.0 0.0 0.0 0.0 0.0 
0 0.0 0.0 0.0 0.0 0.0 0.0 0.0 
0 0.0 10.0 0.0 0.0 0.0 -10.000000000000004 0.0 
0 -2.1226241075425363 10.0 0.0 0.0 0.0 -6.251545046909566 -1.6258308455478867 
0 0.0 10.0 -9.999999999999996 0.0 0.0 0.0 0.0 
0 0.0 10.0 -9.926955767374873 0.0 -0.07304423262512516 0.0 0.0 
0 0.0 10.0 0.0 0.0 -10.000000000000005 0.0 0.0 
0 0.0 0.0 0.0 0.0 0.0 0.0 0.0 
0 0.0 10.0 0.0 0.0 -10.000000000000005 0.0 0.0 
0 0.0 -2.38910961794578E-15 0.0 0.0 0.0 0.0 0.0 
0 0.0 0.0 0.0 0.0 0.0 0.0 0.0 
0 0.0 0.0 0.0 0.0 0.0 0.0 0.0 
0 0.0 10.0 -9.999999999999979 0.0 0.0 0.0 0.0 
0 0.0 0.0 0.0 0.0 0.0 0.0 0.0 
0 0.0 0.0 0.0 0.0 0.0 0.0 0.0 
0 -0.09660511451118141 0.5389872761996964 -0.04833114651826782 -0.07573656530528657 -0.11217041462137257 -0.05480788433076193 -0.1513361509128255 
0 -0.006514056763790536 0.04102030926978011 -0.006697756159973655 -0.005671995921135779 -0.00771233517392261 -0.0038906010096385656 -0.010533564241319186 
0 0.0 10.0 0.0 0.0 0.0 -9.999999999999998 0.0 
0 0.0 8.378884589662638 -1.3895980411753055 -1.5287057816065506 -1.6023224931351523 -3.858258273745637 0.0 
0 -2.9743834456400666 10.0 0.0 0.0 0.0 -2.927000279951043 -4.098616274408906 
0 0.0 6.05880456954629E-15 0.0 0.0 0.0 0.0 0.0 
0 0.0 0.0 0.0 0.0 0.0 0.0 0.0 
0 0.0 1.3079483158558624E-15 0.0 0.0 0.0 0.0 0.0 
0 0.0 0.0 0.0 0.0 0.0 0.0 0.0 
0 0.0 0.0 0.0 0.0 0.0 0.0 0.0 
0 0.0 0.0 0.0 0.0 0.0 0.0 0.0 
0 0.0 10.0 -10.0 0.0 0.0 0.0 0.0 
0 0.0 9.391402682820202E-16 0.0 0.0 0.0 0.0 0.0 
0 0.0 0.0 0.0 0.0 0.0 0.0 0.0 
0 0.0 0.0 0.0 0.0 0.0 0.0 0.0 
0 0.0 10.0 -10.000000000000004 0.0 0.0 0.0 0.0 
0 0.0 10.0 -9.999999999999991 0.0 0.0 0.0 0.0 
0 -0.13108425897699963 0.7310693194732358 -0.0665444375901801 -0.11998498949077448 -0.14933419464908576 -0.08639364321507866 -0.1777277955511162 
0 0.0 10.0 -9.999999999999998 0.0 0.0 0.0 0.0 
0 0.0 0.0 0.0 0.0 0.0 0.0 0.0 
0 0.0 10.0 -2.159459222378439 0.0 -7.840540777621542 0.0 0.0 
0 -0.9270264883516458 0.9270264883516458 0.0 0.0 0.0 0.0 0.0 
0 0.0 10.0 0.0 0.0 -9.999999999999995 0.0 0.0 
0 0.0 0.0 0.0 0.0 0.0 0.0 0.0 
0 -3.214474858678565 9.317259073201276 0.0 0.0 -1.4494698875995002 0.0 -4.653314326923244 
0 0.0 10.0 -9.999999999999993 0.0 0.0 0.0 0.0 
0 0.0 7.774792947009643 -7.147416768772638 0.0 0.0 0.0 -0.6273761782370096 
0 0.0 10.0 -9.999999999999995 0.0 0.0 0.0 0.0 
0 0.0 0.0 0.0 0.0 0.0 0.0 0.0 
0 -10.000000000000007 10.0 0.0 0.0 0.0 0.0 0.0 
0 0.0 0.0 0.0 0.0 0.0 0.0 0.0 
0 0.0 1.4818262154268583E-15 0.0 0.0 0.0 0.0 0.0 
0 -0.003947381982259464 0.019670867282684343 -0.008355779591813162 -0.002359038779906151 -0.004210589505289779 -6.26093127680972E-4 -1.71984295736409E-4 
0 0.0 3.0585815689646274E-15 0.0 0.0 0.0 0.0 0.0 
0 0.0 10.0 -9.999999999999995 0.0 0.0 0.0 0.0 
0 0.0 0.0 0.0 0.0 0.0 0.0 0.0 
0 0.0 10.0 -10.000000000000004 0.0 0.0 0.0 0.0 
0 0.0 10.0 -5.9820995904445455 0.0 0.0 -4.0179004095554465 0.0 
0 0.0 0.0 0.0 0.0 0.0 0.0 0.0 
0 0.0 0.0 0.0 0.0 0.0 0.0 0.0 
0 0.0 0.0 0.0 0.0 0.0 0.0 0.0 
0 0.0 10.0 -9.999999999999996 0.0 0.0 0.0 0.0 
0 0.0 10.0 -9.999999999999988 0.0 0.0 0.0 0.0 
0 0.0 10.0 -9.999999999999996 0.0 0.0 0.0 0.0 
0 0.0 10.0 -10.000000000000005 0.0 0.0 0.0 0.0 
0 0.0 10.0 0.0 0.0 0.0 -10.0 0.0 
0 0.0 10.0 -9.999999999999995 0.0 0.0 0.0 0.0 
0 0.0 0.0 0.0 0.0 0.0 0.0 0.0 
0 0.0 0.0 0.0 0.0 0.0 0.0 0.0 
0 0.0 0.0 0.0 0.0 0.0 0.0 0.0 
0 0.0 10.0 0.0 0.0 0.0 -9.999999999999993 0.0 
0 0.0 3.8227162142106055 0.0 -3.8227162142106064 0.0 0.0 0.0 
0 0.0 10.0 0.0 0.0 0.0 -10.000000000000005 0.0 
0 0.0 0.0 0.0 0.0 0.0 0.0 0.0 
0 0.0 4.775159179078451 0.0 0.0 -4.775159179078451 0.0 0.0 
0 0.0 9.971329450044806 -8.000961010434901 0.0 -1.9703684396099088 0.0 0.0 
0 0.0 1.7813993106249978E-15 0.0 0.0 0.0 0.0 0.0 
0 0.0 0.0 0.0 0.0 0.0 0.0 0.0 
0 -0.31905961561341417 2.2603210026300276 -0.31055697971602236 -0.4171401812028651 -0.43366095119433223 -0.3320962102526403 -0.4478070646507548 
0 0.0 10.0 0.0 0.0 0.0 -9.999999999999998 0.0 
0 0.0 0.0 0.0 0.0 0.0 0.0 0.0 
0 0.0 10.0 -2.4195694117605036 0.0 -7.580430588239515 0.0 0.0 
0 -0.27502129819011956 1.6492775184965005 -0.23832397651990705 -0.2789357896583001 -0.3001128416669192 -0.23664640192442984 -0.3202372105368225 
0 -9.999999999999995 10.0 0.0 0.0 0.0 0.0 0.0 
0 -1.5732006769702587 10.0 0.0 0.0 0.0 -2.3290569698657606 -6.097742353164006 
0 0.0 0.0 0.0 0.0 0.0 0.0 0.0 
0 0.0 10.0 0.0 -10.000000000000002 0.0 0.0 0.0 
0 -0.07910491023972625 10.0 0.0 0.0 -0.8918127561867742 -9.029082333573498 0.0 
0 0.0 10.0 -10.000000000000004 0.0 0.0 0.0 0.0 
0 0.0 0.0 0.0 0.0 0.0 0.0 0.0 
0 0.0 10.0 0.0 0.0 0.0 0.0 -10.0 
0 -1.3978417878493203 2.398309086473547 -0.11222324638096969 0.0 -0.619722829540965 -0.19617656415069 -0.07234465855159761 
0 0.0 10.0 -10.000000000000014 0.0 0.0 0.0 0.0 
0 -0.13096969099251454 0.7307631035372076 -0.06644240590073038 -0.11997439072007623 -0.1493157666108747 -0.08634322114687094 -0.17771762816614067 
0 0.0 0.0 0.0 0.0 0.0 0.0 0.0 
0 -0.1310015371424296 0.7310560635064312 -0.06649312319273043 -0.12003356324801316 -0.1493904432145211 -0.08642983701718737 -0.17770755969155155 
0 0.0 7.163723058386867 -1.037355668353775 -1.9913372617497374 -0.8330886328359758 -1.1686385202348542 -2.133302975212535 
0 0.0 10.0 0.0 -4.165333133446769 -1.395848506441648 -2.9121775902819405 -1.526640769829636 
0 0.0 0.0 0.0 0.0 0.0 0.0 0.0 
0 -9.631314176361629 10.0 0.0 0.0 0.0 0.0 -0.36868582363835967 
0 0.0 0.35315702989972586 0.0 0.0 -0.3531570298997272 0.0 0.0 
0 0.0 -8.375213607123624E-15 0.0 0.0 0.0 0.0 0.0 
0 0.0 10.0 -10.000000000000005 0.0 0.0 0.0 0.0 
0 -9.999999999999998 10.0 0.0 0.0 0.0 0.0 0.0 
0 -8.499335139257342 10.0 -1.5006648607426565 0.0 0.0 0.0 0.0 
0 -9.999999999999982 10.0 0.0 0.0 0.0 0.0 0.0 
0 -1.2126429791189108 6.216109129414054 -0.8920173771683944 -0.9129088402257929 -1.1536786678014783 -0.8782359758986588 -1.1666252892008127 
0 0.0 0.0 0.0 0.0 0.0 0.0 0.0 
0 0.0 0.0 0.0 0.0 0.0 0.0 0.0 
0 0.0 3.6550398800631236 0.0 0.0 0.0 -3.6269419795154416 -0.028097900547659746 
0 0.0 10.0 -10.000000000000009 0.0 0.0 0.0 0.0 
0 -0.00631582945676669 0.0090358639208488 -0.0016509635058705575 0.0 -2.3876706991210985E-4 -8.276613370809856E-4 -2.642551218258146E-6 
0 -0.009703605396875118 0.09937442137163491 -0.013284147884120901 -0.05584334297726118 -0.01010175902925599 -0.010441566084122916 0.0 
0 0.0 0.0 0.0 0.0 0.0 0.0 0.0 
0 0.0 10.0 0.0 0.0 0.0 0.0 -10.000000000000004 
0 0.0 0.0 0.0 0.0 0.0 0.0 0.0 
0 0.0 10.0 0.0 0.0 0.0 -10.0 0.0 
0 0.0 0.0 0.0 0.0 0.0 0.0 0.0 
0 -0.9345991893790465 2.2041848422004757 -0.25642465551598714 0.0 0.0 -0.13273710048964688 -0.8804238968157988 
0 0.0 0.0 0.0 0.0 0.0 0.0 0.0 
0 0.0 0.0 0.0 0.0 0.0 0.0 0.0 
0 0.0 0.0 0.0 0.0 0.0 0.0 0.0 
0 0.0 0.0 0.0 0.0 0.0 0.0 0.0 
0 -0.13094359474738504 0.7307396915079074 -0.06645834770509097 -0.12002998390939185 -0.1493866390464003 -0.0862825222070587 -0.17763860389258013 
0 0.0 0.0 0.0 0.0 0.0 0.0 0.0 
0 0.0 10.0 0.0 -10.0 0.0 0.0 0.0 
0 0.0 0.0 0.0 0.0 0.0 0.0 0.0 
0 -10.00000000000002 10.0 0.0 0.0 0.0 0.0 0.0 
0 0.0 10.0 0.0 0.0 -10.000000000000002 0.0 0.0 
0 0.0 0.0 0.0 0.0 0.0 0.0 0.0 
0 0.0 0.0 0.0 0.0 0.0 0.0 0.0 
0 0.0 10.0 0.0 0.0 -1.531213660652425E-5 -9.999984687863396 0.0 
0 0.0 1.7174225382651775E-15 0.0 0.0 0.0 0.0 0.0 
0 0.0 0.0 0.0 0.0 0.0 0.0 0.0 
0 0.0 0.0 0.0 0.0 0.0 0.0 0.0 
0 0.0 4.922811880595874E-16 0.0 0.0 0.0 0.0 0.0 
0 0.0 0.0 0.0 0.0 0.0 0.0 0.0 
0 0.0 0.0 0.0 0.0 0.0 0.0 0.0 
0 0.0 0.0 0.0 0.0 0.0 0.0 0.0 
0 0.0 0.0 0.0 0.0 0.0 0.0 0.0 
0 -10.000000000000016 10.0 0.0 0.0 0.0 0.0 0.0 
0 0.0 0.0 0.0 0.0 0.0 0.0 0.0 
0 0.0 1.68007817574911E-14 0.0 0.0 0.0 0.0 0.0 
0 0.0 0.0 0.0 0.0 0.0 0.0 0.0 
0 0.0 0.0 0.0 0.0 0.0 0.0 0.0 
0 0.0 0.0 0.0 0.0 0.0 0.0 0.0 
0 -10.000000000000004 10.0 0.0 0.0 0.0 0.0 0.0 
0 0.0 0.0 0.0 0.0 0.0 0.0 0.0 
0 0.0 3.355280534680799 0.0 -3.1377231428489347 0.0 0.0 -0.2175573918318531 
0 0.0 0.12858979209357688 0.0 -0.042685324415034566 0.0 -0.08590446767854232 0.0 
0 0.0 6.3136943435081325E-15 0.0 0.0 0.0 0.0 0.0 
0 0.0 0.0 0.0 0.0 0.0 0.0 0.0 
0 0.0 0.0 0.0 0.0 0.0 0.0 0.0 
0 -0.009999647455577484 0.019049311159585143 -1.8325469725439982E-4 -0.002218916313909131 -0.004566385490973101 -0.0020811072018706287 0.0 
0 0.0 2.8416865957629147 0.0 -2.8416865957628934 0.0 0.0 0.0 
0 -0.08532915171336064 0.46280975344201536 -0.04547715030371394 -0.026044446131684808 -0.10846757990251672 -0.04065595299817939 -0.15683547239256126 
0 -0.008608710873409317 0.009000334465611002 -3.307225237282547E-5 -1.8859707581438825E-4 0.0 0.0 -1.6995426401466987E-4 
0 0.0 10.0 -6.362704218978683 -3.09183869977095 0.0 -0.5454570812503687 0.0 
0 0.0 2.6575191740661567E-15 0.0 0.0 0.0 0.0 0.0 
0 -0.09567867140469197 0.5552965460389669 -0.0472895826676372 -0.08757058448087146 -0.11541674553237515 -0.05494313317881362 -0.1543978287745787 
0 -9.999999999999998 10.0 0.0 0.0 0.0 0.0 0.0 
0 0.0 0.0 0.0 0.0 0.0 0.0 0.0 
0 0.0 1.9648661154529796 -1.9648661154529796 0.0 0.0 0.0 0.0 
0 0.0 0.0 0.0 0.0 0.0 0.0 0.0 
0 -0.2888135648164252 1.447770183859922 -0.12582112654480068 -0.2239787519326338 -0.3213811840391612 -0.1025824953403371 -0.38519306118656316 
0 0.0 0.0 0.0 0.0 0.0 0.0 0.0 
0 -0.13103210655579775 0.7309663362415317 -0.06645733372587646 -0.12000145927394736 -0.1493610329671472 -0.08642010673844472 -0.17769429698031733 
0 -0.1310172392437179 0.7309153536831627 -0.06651522242491577 -0.11997105490215129 -0.14933793588335273 -0.08638722105244612 -0.17768668017658026 
0 0.0 10.0 0.0 0.0 0.0 -10.000000000000002 0.0 
0 0.0 10.0 -2.7345902431815996 0.0 -1.6858728952240962 -5.579536861594297 0.0 
0 0.0 10.0 0.0 0.0 -10.0 0.0 0.0 
0 0.0 10.0 -9.999999999999995 0.0 0.0 0.0 0.0 
0 0.0 4.313616106960782E-15 0.0 0.0 0.0 0.0 0.0 
0 0.0 0.6240547903815648 -0.6240547903815648 0.0 0.0 0.0 0.0 
0 -0.09244523302518477 0.550032393001212 -0.05046646040585972 -0.07960561847179481 -0.1191876047336992 -0.055458530854548486 -0.1528689455101244 
0 0.0 10.0 0.0 0.0 0.0 0.0 -10.00000000000003 
0 0.0 0.0 0.0 0.0 0.0 0.0 0.0 
0 0.0 0.0 0.0 0.0 0.0 0.0 0.0 
0 0.0 1.9504915245000185 0.0 0.0 0.0 0.0 -1.9504915245000185 
0 0.0 0.0 0.0 0.0 0.0 0.0 0.0 
0 0.0 0.0 0.0 0.0 0.0 0.0 0.0 
0 0.0 0.0 0.0 0.0 0.0 0.0 0.0 
0 0.0 0.0 0.0 0.0 0.0 0.0 0.0 
0 0.0 10.0 0.0 0.0 -10.000000000000004 0.0 0.0 
0 0.0 0.0 0.0 0.0 0.0 0.0 0.0 
0 0.0 0.0 0.0 0.0 0.0 0.0 0.0 
0 0.0 0.0 0.0 0.0 0.0 0.0 0.0 
0 -0.13119901184028518 0.7308275998395816 -0.06644012554742074 -0.11988200659673283 -0.14929617069052611 -0.08619723385575136 -0.17781305130886613 
0 0.0 0.3923671454962754 0.0 -0.3209480926833468 0.0 -0.07141905281292803 0.0 
0 -0.1310698274652846 0.7309591077091787 -0.06644013361641676 -0.11999414157564423 -0.149430426936742 -0.08625768533915991 -0.17776689277593127 
0 -0.00858630910889222 0.016848544887948555 0.0 -0.001269649383773407 -0.0031879487069854133 -0.0038046376882959238 0.0 
0 -0.13105405137466086 0.7311469571840181 -0.06649860959939083 -0.1200353878946147 -0.14942002499264576 -0.08640349367688971 -0.17773538964581626 
0 -0.1312222432427246 0.7309939398886558 -0.06647132708853848 -0.11993040379807857 -0.1492853052268193 -0.08624077496690233 -0.177843885565591 
0 0.0 0.0 0.0 0.0 0.0 0.0 0.0 
0 0.0 10.0 0.0 -9.999999999999977 0.0 0.0 0.0 
0 0.0 10.0 -10.000000000000005 0.0 0.0 0.0 0.0 
0 0.0 0.0 0.0 0.0 0.0 0.0 0.0 
0 0.0 0.0 0.0 0.0 0.0 0.0 0.0 
0 -0.09243451990697953 0.5412773722309079 -0.05812020980752489 -0.0753302900040553 -0.1125797671561607 -0.048832797165684075 -0.15397978819050234 
0 0.0 10.0 -9.999999999999982 0.0 0.0 0.0 0.0 
0 0.0 0.0 0.0 0.0 0.0 0.0 0.0 
0 0.0 0.0 0.0 0.0 0.0 0.0 0.0 
0 0.0 -9.573593968695573E-16 0.0 0.0 0.0 0.0 0.0 
0 0.0 0.0 0.0 0.0 0.0 0.0 0.0 
0 -0.3512828296035826 5.3069968881219305 -0.28298693904573397 -1.5432246985576463 -1.0165388591061901 -0.7971388676873987 -1.3158246941213627 
0 0.0 0.0 0.0 0.0 0.0 0.0 0.0 
0 -10.000000000000004 10.0 0.0 0.0 0.0 0.0 0.0 
0 0.0 0.0 0.0 0.0 0.0 0.0 0.0 
0 0.0 10.0 0.0 0.0 -3.174785414024699 0.0 -6.825214585975301 
0 0.0 0.0 0.0 0.0 0.0 0.0 0.0 
0 0.0 10.0 -9.999999999999998 0.0 0.0 0.0 0.0 
0 0.0 0.0 0.0 0.0 0.0 0.0 0.0 
0 0.0 0.0 0.0 0.0 0.0 0.0 0.0 
0 0.0 -1.3588123499849267E-14 0.0 0.0 0.0 0.0 0.0 
0 -9.999999999999993 10.0 0.0 0.0 0.0 0.0 0.0 
0 0.0 0.0 0.0 0.0 0.0 0.0 0.0 
0 -0.024774651279183445 0.07615598857940453 0.0 -0.040490656231002356 0.0 0.0 -0.010890681069218722 
0 0.0 10.0 0.0 0.0 -10.000000000000005 0.0 0.0 
0 0.0 0.0 0.0 0.0 0.0 0.0 0.0 
0 0.0 -2.319059845987142E-16 0.0 0.0 0.0 0.0 0.0 
0 -0.13973317813326155 0.7519819552761904 -0.08042169794830482 -0.08796162694320726 -0.14775486511177752 -0.06909952632684012 -0.2270110608127997 
0 0.0 0.0 0.0 0.0 0.0 0.0 0.0 
0 0.0 0.0 0.0 0.0 0.0 0.0 0.0 
0 0.0 0.0 0.0 0.0 0.0 0.0 0.0 
0 0.0 0.0 0.0 0.0 0.0 0.0 0.0 
0 0.0 0.0 0.0 0.0 0.0 0.0 0.0 
0 0.0 0.0 0.0 0.0 0.0 0.0 0.0 
0 0.0 0.0 0.0 0.0 0.0 0.0 0.0 
0 0.0 -1.5616704963176978E-15 0.0 0.0 0.0 0.0 0.0 
0 0.0 0.0 0.0 0.0 0.0 0.0 0.0 
0 0.0 1.70746493235308E-14 0.0 0.0 0.0 0.0 0.0 
0 0.0 0.0 0.0 0.0 0.0 0.0 0.0 
0 0.0 0.0 0.0 0.0 0.0 0.0 0.0 
0 0.0 0.0 0.0 0.0 0.0 0.0 0.0 
0 0.0 0.0 0.0 0.0 0.0 0.0 0.0 
0 -0.08717589462681782 0.5392348316070643 -0.0551009944052248 -0.07763824534448348 -0.10820930432153811 -0.05405955896586852 -0.15705083394313055 
0 0.0 0.0 0.0 0.0 0.0 0.0 0.0 
0 0.0 0.0 0.0 0.0 0.0 0.0 0.0 
0 0.0 0.0 0.0 0.0 0.0 0.0 0.0 
0 0.0 0.0 0.0 0.0 0.0 0.0 0.0 
0 0.0 0.0 0.0 0.0 0.0 0.0 0.0 
0 -0.09381988286261835 0.5098548334397014 -0.032137628747897294 -0.07767464148126499 -0.11927992371214406 -0.025265931284934342 -0.16167682535084196 
0 -0.009340667945509617 0.05253815801776121 -0.02052994080859519 -0.008248274759823952 -0.007290419448760818 -0.00712885505507342 0.0 
0 0.0 10.0 0.0 0.0 0.0 -10.000000000000002 0.0 
0 0.0 10.0 0.0 0.0 0.0 -10.000000000000009 0.0 
0 0.0 0.0 0.0 0.0 0.0 0.0 0.0 
0 0.0 0.0 0.0 0.0 0.0 0.0 0.0 
0 0.0 0.0 0.0 0.0 0.0 0.0 0.0 
0 -9.999999999999988 10.0 0.0 0.0 0.0 0.0 0.0 
0 0.0 0.0 0.0 0.0 0.0 0.0 0.0 
0 0.0 1.808018909381863E-15 0.0 0.0 0.0 0.0 0.0 
0 0.0 10.0 -10.0 0.0 0.0 0.0 0.0 
0 0.0 10.0 0.0 -9.999999999999995 0.0 0.0 0.0 
0 -0.003723487524226658 0.018391402358603356 -0.01329731512468976 0.0 -6.227877328301094E-4 -2.148857131747104E-4 -5.329262636828044E-4 
0 0.0 10.0 0.0 0.0 0.0 0.0 -10.000000000000014 
0 0.0 0.0 0.0 0.0 0.0 0.0 0.0 
0 0.0 10.0 -10.0 0.0 0.0 0.0 0.0 
0 0.0 0.0 0.0 0.0 0.0 0.0 0.0 
0 0.0 10.0 0.0 0.0 0.0 -10.0 0.0 
0 0.0 0.0 0.0 0.0 0.0 0.0 0.0 
0 0.0 10.0 0.0 -7.183982829199911 -2.2832530081660654 0.0 -0.5327641626340509 
0 0.0 0.0 0.0 0.0 0.0 0.0 0.0 
0 0.0 0.0 0.0 0.0 0.0 0.0 0.0 
0 0.0 0.0 0.0 0.0 0.0 0.0 0.0 
0 0.0 0.0 0.0 0.0 0.0 0.0 0.0 
0 0.0 0.0 0.0 0.0 0.0 0.0 0.0 
0 0.0 0.0 0.0 0.0 0.0 0.0 0.0 
0 0.0 0.0 0.0 0.0 0.0 0.0 0.0 
0 0.0 0.0 0.0 0.0 0.0 0.0 0.0 
0 0.0 10.0 0.0 0.0 0.0 -10.000000000000004 0.0 
0 0.0 10.0 -5.925306929685555 0.0 0.0 0.0 -4.074693070314447 
0 -0.13098936265047892 0.7307861447519408 -0.06653530875726528 -0.11993700670331253 -0.14942401672733294 -0.08636205230242741 -0.17753839761112325 
0 0.0 0.0 0.0 0.0 0.0 0.0 0.0 
0 -2.987622887308587 10.0 -5.912160966518374 -0.23244342805814963 0.0 -0.3420701803867935 -0.5257025377280911 
0 0.0 0.0 0.0 0.0 0.0 0.0 0.0 
0 0.0 1.3054071789685218 0.0 -1.3054071789685218 0.0 0.0 0.0 
0 -0.277147982157559 1.5246128628840514 -0.20559298685399613 -0.23993258929062244 -0.288801838337923 -0.20301619857034442 -0.3101212676736076 
0 0.0 0.8794737675627966 0.0 -0.8794737675627956 0.0 0.0 0.0 
0 0.0 -4.176201742402553E-15 0.0 0.0 0.0 0.0 0.0 
0 0.0 0.0 0.0 0.0 0.0 0.0 0.0 
0 0.0 2.043986778643741E-15 0.0 0.0 0.0 0.0 0.0 
0 0.0 10.0 0.0 -10.000000000000014 0.0 0.0 0.0 
0 0.0 0.0 0.0 0.0 0.0 0.0 0.0 
0 0.0 0.0 0.0 0.0 0.0 0.0 0.0 
0 0.0 0.0 0.0 0.0 0.0 0.0 0.0 
0 0.0 0.0 0.0 0.0 0.0 0.0 0.0 
0 0.0 10.0 0.0 -9.849379049683126 -0.15062095031687422 0.0 0.0 
0 0.0 0.0 0.0 0.0 0.0 0.0 0.0 
0 -5.770890618972311 10.0 0.0 0.0 -4.229109381027685 0.0 0.0 
0 0.0 0.0 0.0 0.0 0.0 0.0 0.0 
0 0.0 0.0 0.0 0.0 0.0 0.0 0.0 
0 0.0 0.0 0.0 0.0 0.0 0.0 0.0 
0 0.0 10.0 0.0 -10.000000000000018 0.0 0.0 0.0 
0 0.0 0.0 0.0 0.0 0.0 0.0 0.0 
0 0.0 0.0 0.0 0.0 0.0 0.0 0.0 
0 0.0 0.0 0.0 0.0 0.0 0.0 0.0 
0 -0.2640613464571809 0.6945223667347412 0.0 0.0 0.0 -0.14531416847130624 -0.28514685180625404 
0 -0.13118580003186572 0.7307031076597793 -0.06653380608877338 -0.11986794839501302 -0.1492350081911858 -0.08609633095752364 -0.17778421399541602 
0 -0.13098646074763626 0.7309268033093096 -0.06645169045371017 -0.11997881308753953 -0.14938623545245974 -0.08643909597838435 -0.17768450758957935 
0 -0.1310626341279698 0.7312020089531539 -0.06649297731183873 -0.12001506434858544 -0.14942775484981444 -0.08642701313845934 -0.17777656517648566 
0 -10.0 10.0 0.0 0.0 0.0 0.0 0.0 
0 0.0 0.0 0.0 0.0 0.0 0.0 0.0 
0 0.0 0.0 0.0 0.0 0.0 0.0 0.0 
0 -10.0 10.0 0.0 0.0 0.0 0.0 0.0 
0 0.0 10.0 -10.000000000000002 0.0 0.0 0.0 0.0 
0 0.0 0.0 0.0 0.0 0.0 0.0 0.0 
0 0.0 0.0 0.0 0.0 0.0 0.0 0.0 
0 0.0 1.0985393384469444 0.0 0.0 -1.0985393384469335 0.0 0.0 
0 -0.1310106021497432 0.7308820522878858 -0.06646918582956449 -0.12000134892817624 -0.149347265526525 -0.0863835366487112 -0.17767011320516707 
0 0.0 0.016597905233451574 -0.006276043326430318 0.0 -0.01032186190702066 0.0 0.0 
0 0.0 0.0 0.0 0.0 0.0 0.0 0.0 
4 0.0 0.0 0.0 0.0 0.0 0.0 0.0 
4 0.0 0.0 0.0 0.0 0.0 0.0 0.0 
4 0.0 0.0 0.0 0.0 0.0 0.0 0.0 
4 0.0 0.0 0.0 0.0 0.0 0.0 0.0 
4 -1.7899644543651494 0.0 10.0 -8.21003554563487 0.0 0.0 0.0 
4 0.0 0.0 10.0 0.0 0.0 -10.000000000000002 0.0 
4 0.0 -10.000000000000004 10.0 0.0 0.0 0.0 0.0 
4 -10.0 0.0 10.0 0.0 0.0 0.0 0.0 
4 0.0 0.0 10.0 0.0 -9.999999999999995 0.0 0.0 
4 0.0 0.0 0.0 0.0 0.0 0.0 0.0 
4 0.0 0.0 0.0 0.0 0.0 0.0 0.0 
4 0.0 0.0 0.0 0.0 0.0 0.0 0.0 
4 0.0 0.0 4.010712053238019 -0.4786781284263398 0.0 0.0 -3.532033924811679 
4 0.0 -10.000000000000002 10.0 0.0 0.0 0.0 0.0 
4 0.0 -10.0 10.0 0.0 0.0 0.0 0.0 
4 0.0 0.0 10.0 -9.999999999999993 0.0 0.0 0.0 
4 0.0 0.0 10.0 0.0 0.0 -10.0 0.0 
4 0.0 0.0 0.0 0.0 0.0 0.0 0.0 
4 0.0 -9.999999999999975 10.0 0.0 0.0 0.0 0.0 
4 0.0 -10.000000000000005 10.0 0.0 0.0 0.0 0.0 
4 -2.616885965174175 0.0 7.3768614019591086 0.0 -4.759975436784933 0.0 0.0 
4 0.0 0.0 10.0 0.0 0.0 0.0 -9.999999999999995 
4 0.0 0.0 0.0 0.0 0.0 0.0 0.0 
4 0.0 0.0 0.0 0.0 0.0 0.0 0.0 
4 0.0 -2.401997810980749 10.0 0.0 0.0 0.0 -7.59800218901926 
4 0.0 0.0 -1.6988862815641715E-15 0.0 0.0 0.0 0.0 
4 0.0 0.0 10.0 0.0 -10.000000000000002 0.0 0.0 
4 0.0 0.0 0.0 0.0 0.0 0.0 0.0 
4 0.0 0.0 10.0 0.0 0.0 0.0 -10.00000000000001 
4 0.0 0.0 10.0 0.0 0.0 0.0 -10.0 
4 0.0 0.0 10.0 0.0 -9.999999999999993 0.0 0.0 
4 0.0 0.0 10.0 0.0 0.0 0.0 -10.0 
4 0.0 -10.000000000000007 10.0 0.0 0.0 0.0 0.0 
4 0.0 0.0 10.0 0.0 -9.999999999999984 0.0 0.0 
4 0.0 0.0 10.0 0.0 -10.000000000000012 0.0 0.0 
4 0.0 -10.000000000000007 10.0 0.0 0.0 0.0 0.0 
4 0.0 0.0 0.0 0.0 0.0 0.0 0.0 
4 -2.732603167337001 -1.340925674869165 7.975029245291633 -2.609444322484775 -1.2920560806006973 0.0 0.0 
4 0.0 0.0 0.0 0.0 0.0 0.0 0.0 
4 0.0 0.0 10.0 0.0 -10.0 0.0 0.0 
4 0.0 0.0 0.0 0.0 0.0 0.0 0.0 
4 -0.6541786894268709 0.0 0.9023639236004413 0.0 0.0 0.0 -0.24818523417357113 
4 0.0 0.0 6.464682745009245 0.0 0.0 -6.464682745009245 0.0 
4 0.0 0.0 10.0 0.0 0.0 -10.000000000000002 0.0 
4 -7.878696449721782 0.0 10.0 0.0 0.0 -2.1213035502782156 0.0 
4 0.0 0.0 10.0 0.0 0.0 -10.0 0.0 
4 0.0 0.0 0.0 0.0 0.0 0.0 0.0 
4 0.0 -10.000000000000009 10.0 0.0 0.0 0.0 0.0 
4 0.0 -9.999999999999988 10.0 0.0 0.0 0.0 0.0 
4 0.0 -9.999999999999988 10.0 0.0 0.0 0.0 0.0 
4 0.0 0.0 1.3359597386572183E-15 0.0 0.0 0.0 0.0 
4 0.0 0.0 0.0 0.0 0.0 0.0 0.0 
4 0.0 0.0 0.0 0.0 0.0 0.0 0.0 
4 0.0 0.0 0.0 0.0 0.0 0.0 0.0 
4 -1.5984378844169937 -1.7420635806767004 10.0 -6.659498534906287 0.0 0.0 0.0 
4 -10.0 0.0 10.0 0.0 0.0 0.0 0.0 
4 0.0 0.0 10.0 0.0 0.0 0.0 -10.00000000000005 
4 0.0 0.0 0.0 0.0 0.0 0.0 0.0 
4 0.0 0.0 1.2039584972095004E-14 0.0 0.0 0.0 0.0 
4 0.0 -9.999999999999984 10.0 0.0 0.0 0.0 0.0 
4 0.0 -10.000000000000023 10.0 0.0 0.0 0.0 0.0 
4 0.0 0.0 8.13659458547611E-15 0.0 0.0 0.0 0.0 
4 0.0 -10.000000000000004 10.0 0.0 0.0 0.0 0.0 
4 0.0 0.0 10.0 0.0 0.0 0.0 -9.999999999999982 
4 0.0 0.0 0.0 0.0 0.0 0.0 0.0 
4 0.0 -9.999999999999998 10.0 0.0 0.0 0.0 0.0 
4 0.0 0.0 0.0 0.0 0.0 0.0 0.0 
4 0.0 -9.99999999999999 10.0 0.0 0.0 0.0 0.0 
4 0.0 0.0 10.0 -5.698649344866776 0.0 -4.301350655133226 0.0 
4 0.0 0.0 4.039151562262218 -1.5953155563649455 0.0 -2.443836005897272 0.0 
4 0.0 0.0 0.0 0.0 0.0 0.0 0.0 
4 0.0 0.0 4.575267067073004 0.0 -4.575267067073005 0.0 0.0 
4 0.0 0.0 0.0 0.0 0.0 0.0 0.0 
4 0.0 0.0 0.0 0.0 0.0 0.0 0.0 
4 0.0 0.0 0.0 0.0 0.0 0.0 0.0 
4 0.0 0.0 0.0 0.0 0.0 0.0 0.0 
4 0.0 0.0 0.0 0.0 0.0 0.0 0.0 
4 0.0 -10.000000000000005 10.0 0.0 0.0 0.0 0.0 
4 0.0 0.0 10.0 0.0 0.0 0.0 -9.999999999999993 
4 0.0 0.0 0.0 0.0 0.0 0.0 0.0 
4 0.0 0.0 1.1296492904459126 0.0 0.0 -1.1296492904459126 0.0 
4 0.0 -10.000000000000016 10.0 0.0 0.0 0.0 0.0 
4 0.0 -7.4571928005603745 10.0 0.0 -2.5428071994396273 0.0 0.0 
4 0.0 0.0 10.0 0.0 -2.504581969168458 -3.182979658660324 -4.312438372171216 
4 0.0 0.0 10.0 0.0 0.0 0.0 -9.999999999999996 
4 0.0 0.0 0.0 0.0 0.0 0.0 0.0 
4 0.0 0.0 10.0 0.0 -9.999999999999993 0.0 0.0 
4 -1.4874302858312434 -4.352105792982684 7.739516732070875 0.0 -0.9450153568969782 -0.5576383398974625 -0.3973269564625057 
4 0.0 0.0 10.0 0.0 -9.999999999999988 0.0 0.0 
4 0.0 -10.000000000000014 10.0 0.0 0.0 0.0 0.0 
4 -10.000000000000002 0.0 10.0 0.0 0.0 0.0 0.0 
4 0.0 0.0 10.0 0.0 -4.934602268927258 0.0 -5.065397731072738 
4 0.0 -3.331690540780946 10.0 0.0 0.0 -6.668309459219061 0.0 
4 -10.000000000000016 0.0 10.0 0.0 0.0 0.0 0.0 
4 0.0 0.0 10.0 0.0 -10.000000000000005 0.0 0.0 
4 0.0 -10.000000000000007 10.0 0.0 0.0 0.0 0.0 
4 0.0 0.0 0.0 0.0 0.0 0.0 0.0 
4 0.0 0.0 10.0 0.0 0.0 0.0 -9.999999999999993 
4 0.0 0.0 10.0 0.0 0.0 -9.999999999999995 0.0 
4 0.0 -10.000000000000004 10.0 0.0 0.0 0.0 0.0 
4 0.0 -9.99999999999999 10.0 0.0 0.0 0.0 0.0 
4 0.0 0.0 10.0 -6.171905562500848 0.0 0.0 -3.8280944374991344 
4 0.0 0.0 0.0 0.0 0.0 0.0 0.0 
4 0.0 0.0 10.0 0.0 0.0 0.0 -10.000000000000002 
4 0.0 0.0 0.0 0.0 0.0 0.0 0.0 
4 0.0 0.0 10.0 0.0 -10.000000000000018 0.0 0.0 
4 -1.3349495832626805 0.0 1.789600682031474 0.0 -0.45465109876879317 0.0 0.0 
4 0.0 0.0 10.0 0.0 0.0 -9.999999999999995 0.0 
4 0.0 0.0 10.0 0.0 0.0 0.0 -10.000000000000009 
4 0.0 0.0 10.0 0.0 -10.000000000000002 0.0 0.0 
4 -0.17909201701876393 -0.09574549396120091 0.874774316645658 -0.15991882842951244 -0.17515098857407188 -0.14495063942158254 -0.1199163492405265 
4 0.0 0.0 10.0 0.0 -10.000000000000005 0.0 0.0 
4 0.0 -10.000000000000014 10.0 0.0 0.0 0.0 0.0 
4 0.0 0.0 10.0 0.0 0.0 -9.999999999999998 0.0 
4 0.0 0.0 0.0 0.0 0.0 0.0 0.0 
4 0.0 0.0 0.0 0.0 0.0 0.0 0.0 
4 0.0 -10.000000000000005 10.0 0.0 0.0 0.0 0.0 
4 0.0 0.0 10.0 0.0 0.0 0.0 -9.999999999999996 
4 0.0 0.0 10.0 0.0 0.0 -1.2298281113220224 -8.770171888677991 
4 0.0 -10.00000000000001 10.0 0.0 0.0 0.0 0.0 
4 0.0 0.0 10.0 0.0 0.0 -9.999999999999991 0.0 
4 0.0 -9.999999999999998 10.0 0.0 0.0 0.0 0.0 
4 0.0 0.0 10.0 0.0 0.0 0.0 -10.000000000000014 
4 0.0 0.0 10.0 0.0 0.0 -10.000000000000009 0.0 
4 0.0 0.0 10.0 0.0 0.0 -10.000000000000002 0.0 
4 0.0 0.0 10.0 0.0 0.0 -9.999999999999988 0.0 
4 0.0 0.0 0.0 0.0 0.0 0.0 0.0 
4 0.0 0.0 0.0 0.0 0.0 0.0 0.0 
4 0.0 -10.000000000000004 10.0 0.0 0.0 0.0 0.0 
4 0.0 0.0 0.0 0.0 0.0 0.0 0.0 
4 0.0 0.0 0.0 0.0 0.0 0.0 0.0 
4 0.0 0.0 -2.7168906172310455E-15 0.0 0.0 0.0 0.0 
4 0.0 0.0 10.0 0.0 0.0 0.0 -10.000000000000002 
4 0.0 0.0 10.0 0.0 0.0 0.0 -10.000000000000014 
4 0.0 -10.000000000000005 10.0 0.0 0.0 0.0 0.0 
4 0.0 0.0 -1.0607976564379343E-15 0.0 0.0 0.0 0.0 
4 0.0 -10.0 10.0 0.0 0.0 0.0 0.0 
4 0.0 0.0 10.0 0.0 0.0 -10.000000000000005 0.0 
4 0.0 0.0 0.0 0.0 0.0 0.0 0.0 
4 0.0 0.0 4.872462670358099 0.0 -4.872462670358099 0.0 0.0 
4 0.0 0.0 10.0 -10.000000000000027 0.0 0.0 0.0 
4 0.0 -10.000000000000005 10.0 0.0 0.0 0.0 0.0 
4 0.0 0.0 10.0 0.0 0.0 -9.999999999999998 0.0 
4 -10.000000000000009 0.0 10.0 0.0 0.0 0.0 0.0 
4 0.0 0.0 0.0 0.0 0.0 0.0 0.0 
4 0.0 -8.75169219440048 10.0 0.0 0.0 0.0 -1.248307805599521 
4 0.0 0.0 0.0 0.0 0.0 0.0 0.0 
4 0.0 0.0 0.0 0.0 0.0 0.0 0.0 
4 0.0 -5.890677073485296 10.0 0.0 -1.6723516015639495 -2.4369713249507496 0.0 
4 0.0 0.0 5.0097836693648965 0.0 -5.00978366936489 0.0 0.0 
4 0.0 0.0 0.0 0.0 0.0 0.0 0.0 
4 0.0 0.0 10.0 0.0 0.0 0.0 -10.000000000000012 
4 0.0 0.0 10.0 0.0 -10.000000000000002 0.0 0.0 
4 -7.203922183064605 -2.7960778169353993 10.0 0.0 0.0 0.0 0.0 
4 0.0 -9.999999999999998 10.0 0.0 0.0 0.0 0.0 
4 0.0 0.0 0.0 0.0 0.0 0.0 0.0 
4 0.0 0.0 10.0 -9.999999999999998 0.0 0.0 0.0 
4 0.0 0.0 0.0 0.0 0.0 0.0 0.0 
4 0.0 0.0 10.0 -10.000000000000025 0.0 0.0 0.0 
4 0.0 0.0 10.0 0.0 0.0 0.0 -9.999999999999993 
4 0.0 0.0 10.0 0.0 0.0 0.0 -10.000000000000007 
4 0.0 -9.799177488673209 10.0 0.0 0.0 0.0 -0.2008225113267889 
4 0.0 0.0 0.0 0.0 0.0 0.0 0.0 
4 0.0 0.0 0.0 0.0 0.0 0.0 0.0 
4 0.0 0.0 0.0 0.0 0.0 0.0 0.0 
4 0.0 0.0 0.0 0.0 0.0 0.0 0.0 
4 0.0 0.0 0.0 0.0 0.0 0.0 0.0 
4 0.0 -8.713043202067212 10.0 0.0 -1.286956797932786 0.0 0.0 
4 0.0 -10.0 10.0 0.0 0.0 0.0 0.0 
4 0.0 -9.999999999999998 10.0 0.0 0.0 0.0 0.0 
4 0.0 0.0 10.0 0.0 0.0 0.0 -10.000000000000005 
4 0.0 0.0 0.0 0.0 0.0 0.0 0.0 
4 0.0 -5.130996102350997 5.130996102350997 0.0 0.0 0.0 0.0 
4 0.0 -9.999999999999995 10.0 0.0 0.0 0.0 0.0 
4 0.0 0.0 10.0 0.0 0.0 -9.999999999999996 0.0 
4 0.0 0.0 0.0 0.0 0.0 0.0 0.0 
4 -0.08326938029722383 0.0 3.142879342646581 -3.059609962349357 0.0 0.0 0.0 
4 0.0 0.0 10.0 0.0 0.0 0.0 -9.999999999999998 
4 0.0 0.0 -1.348987778734816E-15 0.0 0.0 0.0 0.0 
4 0.0 0.0 6.832514782478242E-15 0.0 0.0 0.0 0.0 
4 0.0 0.0 0.0 0.0 0.0 0.0 0.0 
4 0.0 0.0 0.0 0.0 0.0 0.0 0.0 
4 0.0 0.0 0.0 0.0 0.0 0.0 0.0 
4 0.0 0.0 10.0 0.0 -10.0 0.0 0.0 
4 0.0 -10.0 10.0 0.0 0.0 0.0 0.0 
4 0.0 0.0 10.0 0.0 0.0 0.0 -10.000000000000016 
4 0.0 0.0 0.0 0.0 0.0 0.0 0.0 
4 0.0 0.0 0.0 0.0 0.0 0.0 0.0 
4 -0.0012311526463097723 -0.004274970950597396 0.012217073033545127 -0.0030514118674682873 -0.0014563632421739075 -0.0022031743269947703 0.0 
4 -10.000000000000002 0.0 10.0 0.0 0.0 0.0 0.0 
4 0.0 -0.6552255271691003 5.408867707943391 -1.4947266413691742 -1.6344407853641627 0.0 -1.6244747540409483 
4 0.0 0.0 0.0 0.0 0.0 0.0 0.0 
4 0.0 0.0 0.0 0.0 0.0 0.0 0.0 
4 0.0 0.0 10.0 0.0 -4.698763713420505 0.0 -5.301236286579495 
4 0.0 0.0 10.0 0.0 0.0 -9.999999999999998 0.0 
4 0.0 0.0 0.0 0.0 0.0 0.0 0.0 
4 0.0 0.0 10.0 0.0 -10.0 0.0 0.0 
4 0.0 -9.999999999999996 10.0 0.0 0.0 0.0 0.0 
4 0.0 0.0 10.0 0.0 0.0 0.0 -10.000000000000005 
4 0.0 0.0 0.0 0.0 0.0 0.0 0.0 
4 0.0 0.0 0.0 0.0 0.0 0.0 0.0 
4 0.0 -10.000000000000002 10.0 0.0 0.0 0.0 0.0 
4 0.0 -10.0 10.0 0.0 0.0 0.0 0.0 
4 0.0 0.0 1.8388060311918283E-15 0.0 0.0 0.0 0.0 
4 0.0 -0.4392654037098069 0.44149999442311566 0.0 0.0 -0.0022345907133140656 0.0 
4 0.0 0.0 0.0 0.0 0.0 0.0 0.0 
4 0.0 0.0 6.226550043464912 0.0 0.0 -6.226550043464913 0.0 
4 0.0 0.0 10.0 0.0 0.0 0.0 -10.000000000000016 
4 -0.5831129935185898 -5.1326989185895915 7.823214297148561 -0.6215773989034918 -0.7842393425725774 -0.3238888953269098 -0.37769674823740546 
4 0.0 0.0 10.0 0.0 -9.999999999999996 0.0 0.0 
4 0.0 0.0 10.0 0.0 -10.000000000000012 0.0 0.0 
4 -1.1165202108326446 -1.2563572148596882 5.656352083066718 -0.6040773246156775 -0.9437567269468381 -0.5268810590050259 -1.2087595468068397 
4 0.0 -9.999999999999998 10.0 0.0 0.0 0.0 0.0 
4 0.0 0.0 0.0 0.0 0.0 0.0 0.0 
4 0.0 0.0 0.0 0.0 0.0 0.0 0.0 
4 0.0 0.0 10.0 0.0 0.0 -9.999999999999998 0.0 
4 -0.1392341075297913 -1.953179077334703 4.540648242028041 0.0 -1.9639396558916127 -0.4842954012719334 0.0 
4 0.0 0.0 -1.0544349339024248E-15 0.0 0.0 0.0 0.0 
4 0.0 0.0 10.0 0.0 -9.999999999999986 0.0 0.0 
4 0.0 0.0 0.0 0.0 0.0 0.0 0.0 
4 0.0 0.0 -1.0935611587184972E-14 0.0 0.0 0.0 0.0 
4 0.0 0.0 0.0 0.0 0.0 0.0 0.0 
4 -9.999999999999972 0.0 10.0 0.0 0.0 0.0 0.0 
4 0.0 0.0 0.0 0.0 0.0 0.0 0.0 
4 0.0 0.0 10.0 0.0 -10.000000000000014 0.0 0.0 
4 0.0 0.0 10.0 0.0 0.0 -9.999999999999995 0.0 
4 0.0 0.0 4.228926499685854E-15 0.0 0.0 0.0 0.0 
4 0.0 0.0 8.210853529750871E-16 0.0 0.0 0.0 0.0 
4 -0.2733715470890068 -0.14456703412284136 1.3397362451043016 -0.2522643563163052 -0.261955374482691 -0.2246930640593289 -0.18288486903413004 
4 0.0 0.0 0.0 0.0 0.0 0.0 0.0 
4 0.0 0.0 10.0 0.0 -10.0 0.0 0.0 
4 0.0 0.0 10.0 0.0 0.0 0.0 -10.000000000000002 
4 0.0 0.0 10.0 0.0 -10.0 0.0 0.0 
4 0.0 0.0 0.0 0.0 0.0 0.0 0.0 
4 -0.15344186015626937 -0.08564579435304519 0.7379732305705459 -0.1212208286184942 -0.15661975044231705 -0.11985106396492222 -0.10119393303549792 
4 0.0 0.0 0.0 0.0 0.0 0.0 0.0 
4 0.0 0.0 0.0 0.0 0.0 0.0 0.0 
4 -10.0 0.0 10.0 0.0 0.0 0.0 0.0 
4 0.0 0.0 0.0 0.0 0.0 0.0 0.0 
4 0.0 -10.0 10.0 0.0 0.0 0.0 0.0 
4 0.0 -0.15626687546766094 10.0 0.0 -9.843733124532337 0.0 0.0 
4 -10.000000000000002 0.0 10.0 0.0 0.0 0.0 0.0 
5 0.0 -10.000000000000007 0.0 10.0 0.0 0.0 0.0 
5 -9.999999999999993 0.0 0.0 10.0 0.0 0.0 0.0 
5 -10.0 0.0 0.0 10.0 0.0 0.0 0.0 
5 0.0 0.0 0.0 0.0 0.0 0.0 0.0 
5 0.0 0.0 0.0 0.0 0.0 0.0 0.0 
5 0.0 0.0 0.0 10.0 -10.0 0.0 0.0 
5 -0.050649859396662375 -0.016042709403031888 0.0 0.06669256879969324 0.0 0.0 0.0 
5 0.0 0.0 0.0 0.0 0.0 0.0 0.0 
5 -1.6298124311888667 0.0 0.0 1.6298124311888667 0.0 0.0 0.0 
5 0.0 0.0 0.0 0.0 0.0 0.0 0.0 
5 0.0 0.0 0.0 0.0 0.0 0.0 0.0 
5 0.0 0.0 0.0 0.0 0.0 0.0 0.0 
5 0.0 0.0 0.0 0.0 0.0 0.0 0.0 
5 0.0 0.0 0.0 -9.124559574640067E-15 0.0 0.0 0.0 
5 0.0 0.0 0.0 10.0 -9.999999999999998 0.0 0.0 
5 -0.38632288830377215 0.0 -1.3185818464196328 5.991572109570796 -1.3238627014454474 -1.517565271073747 -1.4452394023281783 
5 0.0 0.0 0.0 0.0 0.0 0.0 0.0 
5 0.0 -9.43089024480417 0.0 9.43089024480417 0.0 0.0 0.0 
5 0.0 0.0 0.0 0.0 0.0 0.0 0.0 
5 0.0 0.0 0.0 0.0 0.0 0.0 0.0 
5 0.0 0.0 -3.7657159387573476 10.0 0.0 -3.688335366228525 -2.5459486950141352 
5 0.0 0.0 0.0 1.898795787474692E-15 0.0 0.0 0.0 
5 0.0 -0.9110215985764311 0.0 0.9110215985764339 0.0 0.0 0.0 
5 0.0 0.0 0.0 0.0 0.0 0.0 0.0 
5 -9.999999999999984 0.0 0.0 10.0 0.0 0.0 0.0 
5 0.0 0.0 0.0 8.888435444618552E-15 0.0 0.0 0.0 
5 0.0 0.0 0.0 0.0 0.0 0.0 0.0 
5 0.0 0.0 0.0 0.0 0.0 0.0 0.0 
5 0.0 -9.999999999999996 0.0 10.0 0.0 0.0 0.0 
5 -10.000000000000021 0.0 0.0 10.0 0.0 0.0 0.0 
5 0.0 0.0 0.0 0.0 0.0 0.0 0.0 
5 0.0 0.0 0.0 0.0 0.0 0.0 0.0 
5 0.0 -10.000000000000004 0.0 10.0 0.0 0.0 0.0 
5 0.0 0.0 0.0 0.0 0.0 0.0 0.0 
5 0.0 0.0 0.0 0.0 0.0 0.0 0.0 
5 0.0 -9.999999999999988 0.0 10.0 0.0 0.0 0.0 
5 -9.404101503976873 0.0 0.0 10.0 0.0 0.0 -0.5958984960231305 
5 0.0 0.0 -10.000000000000007 10.0 0.0 0.0 0.0 
5 0.0 0.0 0.0 0.0 0.0 0.0 0.0 
5 0.0 0.0 0.0 10.0 -9.999999999999972 0.0 0.0 
5 0.0 0.0 0.0 0.0 0.0 0.0 0.0 
5 0.0 0.0 0.0 10.0 -10.0 0.0 0.0 
5 0.0 0.0 0.0 0.0 0.0 0.0 0.0 
5 0.0 0.0 0.0 0.0 0.0 0.0 0.0 
5 0.0 0.0 0.0 0.0 0.0 0.0 0.0 
5 0.0 0.0 0.0 0.0 0.0 0.0 0.0 
5 -10.0 0.0 0.0 10.0 0.0 0.0 0.0 
5 0.0 0.0 0.0 0.0 0.0 0.0 0.0 
5 0.0 0.0 0.0 0.0 0.0 0.0 0.0 
5 0.0 0.0 0.0 0.0 0.0 0.0 0.0 
5 0.0 0.0 0.0 0.0 0.0 0.0 0.0 
5 0.0 -2.195386525915207 0.0 10.0 -6.690036836018457 -1.1145766380663296 0.0 
5 0.0 0.0 0.0 0.0 0.0 0.0 0.0 
5 0.0 0.0 0.0 0.0 0.0 0.0 0.0 
5 0.0 0.0 0.0 0.0 0.0 0.0 0.0 
5 0.0 0.0 0.0 0.0 0.0 0.0 0.0 
5 0.0 0.0 0.0 10.0 0.0 0.0 -10.000000000000004 
5 -10.000000000000002 0.0 0.0 10.0 0.0 0.0 0.0 
5 0.0 0.0 0.0 0.0 0.0 0.0 0.0 
5 0.0 0.0 0.0 0.0 0.0 0.0 0.0 
5 0.0 0.0 0.0 0.0 0.0 0.0 0.0 
5 0.0 0.0 0.0 0.0 0.0 0.0 0.0 
5 0.0 0.0 0.0 0.0 0.0 0.0 0.0 
5 0.0 0.0 0.0 0.0 0.0 0.0 0.0 
5 -10.000000000000007 0.0 0.0 10.0 0.0 0.0 0.0 
5 0.0 -2.207416215223192 -2.7455066349640753 5.766488712664263 -0.802021085463664 -0.011544777013337313 0.0 
5 0.0 0.0 0.0 0.0 0.0 0.0 0.0 
5 -0.11745920776459767 -0.121427975282981 -0.18565856886225537 0.9467407893237392 -0.17569109751247933 -0.1833318587418652 -0.16317208115956086 
5 -10.000000000000021 0.0 0.0 10.0 0.0 0.0 0.0 
5 -9.999999999999998 0.0 0.0 10.0 0.0 0.0 0.0 
5 0.0 0.0 0.0 0.0 0.0 0.0 0.0 
5 0.0 -9.999999999999986 0.0 10.0 0.0 0.0 0.0 
5 0.0 0.0 0.0 0.0 0.0 0.0 0.0 
5 0.0 0.0 0.0 0.0 0.0 0.0 0.0 
5 0.0 0.0 0.0 -1.8062655074534493E-14 0.0 0.0 0.0 
5 0.0 0.0 0.0 0.0 0.0 0.0 0.0 
5 0.0 0.0 0.0 0.0 0.0 0.0 0.0 
5 0.0 0.0 0.0 0.0 0.0 0.0 0.0 
5 0.0 0.0 0.0 0.0 0.0 0.0 0.0 
5 0.0 0.0 0.0 0.0 0.0 0.0 0.0 
5 0.0 0.0 0.0 0.0 0.0 0.0 0.0 
5 0.0 0.0 0.0 0.0 0.0 0.0 0.0 
5 0.0 0.0 0.0 0.0 0.0 0.0 0.0 
5 0.0 0.0 0.0 0.0 0.0 0.0 0.0 
5 -9.34687982882862 0.0 -0.6531201711713792 10.0 0.0 0.0 0.0 
5 0.0 0.0 0.0 10.0 0.0 -9.999999999999998 0.0 
5 0.0 0.0 0.0 -2.661805297326937E-15 0.0 0.0 0.0 
5 0.0 0.0 0.0 0.0 0.0 0.0 0.0 
5 0.0 0.0 0.0 0.0 0.0 0.0 0.0 
5 0.0 0.0 0.0 0.0 0.0 0.0 0.0 
5 0.0 0.0 0.0 0.0 0.0 0.0 0.0 
5 0.0 -9.999999999999996 0.0 10.0 0.0 0.0 0.0 
5 0.0 0.0 0.0 0.0 0.0 0.0 0.0 
5 0.0 0.0 0.0 0.0 0.0 0.0 0.0 
5 0.0 0.0 0.0 0.0 0.0 0.0 0.0 
5 0.0 0.0 0.0 10.0 0.0 0.0 -9.999999999999957 
5 0.0 0.0 0.0 0.0 0.0 0.0 0.0 
5 0.0 0.0 0.0 0.0 0.0 0.0 0.0 
5 0.0 0.0 0.0 10.0 0.0 0.0 -9.999999999999984 
5 0.0 0.0 -7.03265962251574 10.0 -2.967340377484261 0.0 0.0 
5 0.0 0.0 0.0 0.0 0.0 0.0 0.0 
5 0.0 0.0 0.0 -2.2672756312680194E-15 0.0 0.0 0.0 
5 0.0 0.0 0.0 0.0 0.0 0.0 0.0 
5 0.0 0.0 0.0 0.0 0.0 0.0 0.0 
5 0.0 0.0 0.0 0.0 0.0 0.0 0.0 
5 0.0 0.0 -2.5377180868659335 2.5377180868659477 0.0 0.0 0.0 
5 0.0 0.0 0.0 0.0 0.0 0.0 0.0 
5 0.0 0.0 0.0 0.0 0.0 0.0 0.0 
5 0.0 0.0 0.0 1.8198185469802808 0.0 -1.819818546980265 0.0 
5 0.0 0.0 0.0 0.0 0.0 0.0 0.0 
5 0.0 0.0 0.0 0.0 0.0 0.0 0.0 
5 0.0 0.0 0.0 0.0 0.0 0.0 0.0 
5 -10.000000000000002 0.0 0.0 10.0 0.0 0.0 0.0 
5 0.0 0.0 0.0 0.0 0.0 0.0 0.0 
5 0.0 -0.37205495517050635 -0.49778608034508814 1.135018848624186 -0.052075810637825605 -0.21310200247076677 0.0 
5 0.0 0.0 0.0 0.0 0.0 0.0 0.0 
5 0.0 0.0 0.0 10.0 -9.999999999999977 0.0 0.0 
5 -9.999999999999996 0.0 0.0 10.0 0.0 0.0 0.0 
5 0.0 0.0 0.0 0.0 0.0 0.0 0.0 
5 0.0 0.0 0.0 10.0 -10.000000000000002 0.0 0.0 
5 0.0 0.0 0.0 0.0 0.0 0.0 0.0 
5 0.0 0.0 0.0 0.0 0.0 0.0 0.0 
5 0.0 0.0 0.0 0.0 0.0 0.0 0.0 
5 -0.11752763324108875 -0.12124501871066963 -0.18564444374099612 0.9467268727193573 -0.1757929143703333 -0.18326067904845636 -0.16325618360781408 
5 0.0 0.0 0.0 0.0 0.0 0.0 0.0 
5 0.0 0.0 0.0 0.0 0.0 0.0 0.0 
5 0.0 0.0 0.0 0.0 0.0 0.0 0.0 
5 0.0 0.0 0.0 0.0 0.0 0.0 0.0 
5 0.0 0.0 0.0 0.0 0.0 0.0 0.0 
5 -5.9569735807130595 -4.043026419286941 0.0 10.0 0.0 0.0 0.0 
5 0.0 0.0 0.0 0.0 0.0 0.0 0.0 
5 0.0 0.0 0.0 0.0 0.0 0.0 0.0 
5 0.0 0.0 0.0 0.0 0.0 0.0 0.0 
5 0.0 0.0 0.0 0.0 0.0 0.0 0.0 
5 0.0 0.0 0.0 0.0 0.0 0.0 0.0 
5 0.0 0.0 0.0 0.0 0.0 0.0 0.0 
5 0.0 0.0 0.0 0.0 0.0 0.0 0.0 
5 0.0 0.0 0.0 0.0 0.0 0.0 0.0 
5 0.0 0.0 0.0 3.0843871015629936 0.0 -3.0843871015629936 0.0 
5 0.0 -0.5826780557700109 0.0 10.0 0.0 0.0 -9.417321944230022 
5 0.0 0.0 0.0 0.0 0.0 0.0 0.0 
5 0.0 0.0 0.0 0.0 0.0 0.0 0.0 
5 0.0 -10.000000000000009 0.0 10.0 0.0 0.0 0.0 
5 -0.11740556741807283 -0.121326359875323 -0.18576979094706303 0.946735869089823 -0.17575686794278353 -0.183278536522022 -0.16319874638456028 
5 -10.000000000000025 0.0 0.0 10.0 0.0 0.0 0.0 
5 0.0 -0.2611292444284613 0.0 0.2611292444284606 0.0 0.0 0.0 
5 0.0 -9.999999999999988 0.0 10.0 0.0 0.0 0.0 
5 0.0 0.0 0.0 0.0 0.0 0.0 0.0 
5 0.0 0.0 0.0 0.0 0.0 0.0 0.0 
5 0.0 -9.999999999999975 0.0 10.0 0.0 0.0 0.0 
5 -9.999999999999998 0.0 0.0 10.0 0.0 0.0 0.0 
5 0.0 0.0 0.0 0.0 0.0 0.0 0.0 
5 0.0 0.0 -3.053161368719479 3.053161368719479 0.0 0.0 0.0 
5 0.0 0.0 0.0 0.0 0.0 0.0 0.0 
5 -0.12462037136012864 -0.09211833601979405 -2.871867083098713 3.5675108390006613 0.0 0.0 -0.4789050485220137 
5 0.0 0.0 0.0 0.0 0.0 0.0 0.0 
5 0.0 0.0 0.0 0.0 0.0 0.0 0.0 
5 0.0 0.0 0.0 0.0 0.0 0.0 0.0 
5 0.0 0.0 0.0 0.0 0.0 0.0 0.0 
5 0.0 0.0 0.0 -6.548445282611071E-15 0.0 0.0 0.0 
5 0.0 0.0 -9.999999999999998 10.0 0.0 0.0 0.0 
5 0.0 0.0 0.0 0.0 0.0 0.0 0.0 
5 0.0 0.0 0.0 0.0 0.0 0.0 0.0 
5 -10.000000000000007 0.0 0.0 10.0 0.0 0.0 0.0 
5 0.0 0.0 0.0 0.0 0.0 0.0 0.0 
5 0.0 0.0 0.0 0.0 0.0 0.0 0.0 
5 0.0 0.0 0.0 0.0 0.0 0.0 0.0 
5 0.0 0.0 -3.1529246664406263 10.0 -0.2807086030580871 -6.566366730501302 0.0 
5 0.0 -4.345451841932573 -5.654548158067457 10.0 0.0 0.0 0.0 
5 0.0 0.0 0.0 0.0 0.0 0.0 0.0 
5 0.0 0.0 0.0 0.0 0.0 0.0 0.0 
5 -9.347592770029555 0.0 0.0 10.0 0.0 -0.652407229970438 0.0 
5 0.0 0.0 0.0 0.0 0.0 0.0 0.0 
5 0.0 0.0 0.0 10.0 0.0 0.0 -9.999999999999998 
5 0.0 -10.000000000000002 0.0 10.0 0.0 0.0 0.0 
5 0.0 0.0 0.0 10.0 -6.585772537390465 -3.41422746260953 0.0 
5 0.0 0.0 0.0 0.0 0.0 0.0 0.0 
5 0.0 -8.75024775084952 0.0 10.0 0.0 0.0 -1.2497522491504673 
5 0.0 0.0 0.0 8.484617630603882E-15 0.0 0.0 0.0 
5 0.0 0.0 0.0 0.0 0.0 0.0 0.0 
5 0.0 0.0 0.0 0.0 0.0 0.0 0.0 
5 0.0 0.0 -3.9080459672110517 8.332687998883914 0.0 -4.424642031672853 0.0 
5 0.0 0.0 0.0 0.0 0.0 0.0 0.0 
5 0.0 0.0 0.0 0.0 0.0 0.0 0.0 
5 0.0 0.0 0.0 0.0 0.0 0.0 0.0 
5 0.0 0.0 0.0 0.0 0.0 0.0 0.0 
5 0.0 0.0 0.0 0.0 0.0 0.0 0.0 
5 0.0 0.0 0.0 0.0 0.0 0.0 0.0 
5 0.0 -10.000000000000004 0.0 10.0 0.0 0.0 0.0 
5 0.0 0.0 0.0 0.13902556271201005 -0.13902556271200825 0.0 0.0 
5 0.0 0.0 0.0 0.0 0.0 0.0 0.0 
5 0.0 0.0 0.0 0.0 0.0 0.0 0.0 
5 0.0 0.0 0.0 0.0 0.0 0.0 0.0 
5 0.0 0.0 0.0 0.0 0.0 0.0 0.0 
5 0.0 0.0 0.0 0.0 0.0 0.0 0.0 
5 0.0 0.0 0.0 0.0 0.0 0.0 0.0 
5 0.0 0.0 0.0 0.0 0.0 0.0 0.0 
5 0.0 0.0 0.0 0.0 0.0 0.0 0.0 
5 0.0 0.0 0.0 0.0 0.0 0.0 0.0 
5 0.0 0.0 0.0 0.0 0.0 0.0 0.0 
5 0.0 0.0 -10.0 10.0 0.0 0.0 0.0 
5 0.0 0.0 0.0 0.0 0.0 0.0 0.0 
5 0.0 0.0 0.0 0.0 0.0 0.0 0.0 
5 0.0 0.0 -0.864506983275871 10.0 -7.588312215016964 -1.5471808017071642 0.0 
5 0.0 0.0 0.0 0.0 0.0 0.0 0.0 
5 0.0 0.0 0.0 0.0 0.0 0.0 0.0 
5 0.0 -1.0707016195969594 0.0 1.0707016195969594 0.0 0.0 0.0 
5 0.0 0.0 0.0 0.0 0.0 0.0 0.0 
5 0.0 0.0 0.0 10.0 -10.000000000000002 0.0 0.0 
5 0.0 0.0 0.0 0.0 0.0 0.0 0.0 
5 0.0 0.0 0.0 0.0 0.0 0.0 0.0 
5 0.0 0.0 0.0 10.0 -10.000000000000002 0.0 0.0 
5 0.0 -10.0 0.0 10.0 0.0 0.0 0.0 
5 0.0 0.0 0.0 0.0 0.0 0.0 0.0 
5 -0.29199703914886804 -0.646586782685787 -1.0253020265889414 4.443848044931523 -1.0525198791056776 -0.35423451120655475 -1.0732078061957084 
5 0.0 0.0 0.0 -1.7825550146605092E-14 0.0 0.0 0.0 
5 0.0 0.0 0.0 0.0 0.0 0.0 0.0 
5 0.0 0.0 0.0 0.0 0.0 0.0 0.0 
5 0.0 -10.000000000000005 0.0 10.0 0.0 0.0 0.0 
5 0.0 -9.999999999999996 0.0 10.0 0.0 0.0 0.0 
5 0.0 0.0 0.0 0.0 0.0 0.0 0.0 
5 -9.999999999999998 0.0 0.0 10.0 0.0 0.0 0.0 
5 0.0 0.0 0.0 0.0 0.0 0.0 0.0 
5 0.0 0.0 0.0 10.0 0.0 0.0 -10.000000000000004 
5 0.0 0.0 0.0 0.0 0.0 0.0 0.0 
5 -10.000000000000002 0.0 0.0 10.0 0.0 0.0 0.0 
5 0.0 0.0 0.0 2.7803229418063307 0.0 -2.7803229418063307 0.0 
5 0.0 0.0 0.0 0.0 0.0 0.0 0.0 
5 0.0 0.0 0.0 0.0 0.0 0.0 0.0 
5 0.0 0.0 0.0 0.0 0.0 0.0 0.0 
5 0.0 0.0 0.0 0.0 0.0 0.0 0.0 
5 0.0 0.0 0.0 0.0 0.0 0.0 0.0 
5 0.0 0.0 0.0 0.0 0.0 0.0 0.0 
5 0.0 0.0 0.0 0.0 0.0 0.0 0.0 
5 0.0 0.0 0.0 0.0 0.0 0.0 0.0 
5 0.0 0.0 0.0 0.0 0.0 0.0 0.0 
5 0.0 0.0 0.0 0.0 0.0 0.0 0.0 
5 0.0 0.0 0.0 0.0 0.0 0.0 0.0 
5 0.0 -9.999999999999984 0.0 10.0 0.0 0.0 0.0 
5 -9.999999999999998 0.0 0.0 10.0 0.0 0.0 0.0 
5 0.0 0.0 0.0 1.3654111285202137E-14 0.0 0.0 0.0 
5 0.0 0.0 0.0 -5.449490695358551E-15 0.0 0.0 0.0 
5 -0.00752589247403608 -0.09092419826048177 -0.16617481328385617 0.6465071706741258 -0.10170469924424261 -0.1399380305276306 -0.14023953688388058 
5 0.0 0.0 0.0 0.0 0.0 0.0 0.0 
5 0.0 0.0 0.0 0.0 0.0 0.0 0.0 
5 0.0 0.0 0.0 0.0 0.0 0.0 0.0 
5 0.0 0.0 0.0 0.0 0.0 0.0 0.0 
5 0.0 0.0 0.0 0.0 0.0 0.0 0.0 
5 0.0 -9.999999999999966 0.0 10.0 0.0 0.0 0.0 
5 0.0 0.0 0.0 0.0 0.0 0.0 0.0 
5 0.0 0.0 0.0 0.0 0.0 0.0 0.0 
5 0.0 0.0 0.0 0.0 0.0 0.0 0.0 
5 0.0 0.0 0.0 0.0 0.0 0.0 0.0 
5 0.0 0.0 0.0 0.0 0.0 0.0 0.0 
5 0.0 0.0 0.0 0.20599645142571937 0.0 -0.20599645142571743 0.0 
5 0.0 -9.999999999999996 0.0 10.0 0.0 0.0 0.0 
5 0.0 0.0 0.0 4.454416744078453E-16 0.0 0.0 0.0 
5 0.0 0.0 0.0 0.0 0.0 0.0 0.0 
5 0.0 0.0 0.0 10.0 0.0 -9.906129884203901 -0.09387011579608043 
5 -10.000000000000002 0.0 0.0 10.0 0.0 0.0 0.0 
5 0.0 0.0 0.0 0.0 0.0 0.0 0.0 
5 0.0 0.0 0.0 0.0 0.0 0.0 0.0 
5 0.0 0.0 0.0 10.0 0.0 0.0 -9.999999999999993 
5 -0.11751360662907036 -0.12116943138820312 -0.1856960406375543 0.9467486760291192 -0.17577059073871562 -0.18335743679374888 -0.16324156984182694 
5 0.0 0.0 -0.07130350945039461 0.2167417003233146 -0.008475998155225418 -0.13077562517051988 -0.0061865675471749915 
5 0.0 0.0 0.0 0.14253506197311672 0.0 0.0 -0.14253506197311672 
5 0.0 0.0 0.0 0.0 0.0 0.0 0.0 
5 -0.07265181922588651 -2.2909459118043693E-4 -0.0016542818390736908 0.1202859231890836 -0.041942537248560965 -0.003665354441172544 -1.428358432094505E-4 
5 0.0 0.0 -10.000000000000023 10.0 0.0 0.0 0.0 
5 0.0 0.0 0.0 0.0 0.0 0.0 0.0 
5 0.0 -10.000000000000005 0.0 10.0 0.0 0.0 0.0 
5 0.0 0.0 0.0 0.0 0.0 0.0 0.0 
5 0.0 -8.793479629143006 0.0 10.0 0.0 0.0 -1.2065203708570025 
5 0.0 0.0 -4.462611319550139 8.812145513848533 -2.551980188483231 0.0 -1.797554005815145 
5 0.0 0.0 0.0 0.0 0.0 0.0 0.0 
5 0.0 0.0 0.0 10.0 -10.0 0.0 0.0 
5 0.0 0.0 0.0 0.0 0.0 0.0 0.0 
5 0.0 0.0 0.0 1.6850743659310776E-14 0.0 0.0 0.0 
5 0.0 0.0 0.0 0.0 0.0 0.0 0.0 
5 0.0 0.0 0.0 0.0 0.0 0.0 0.0 
5 0.0 0.0 0.0 0.0 0.0 0.0 0.0 
5 0.0 -10.000000000000044 0.0 10.0 0.0 0.0 0.0 
5 0.0 0.0 0.0 0.0 0.0 0.0 0.0 
5 0.0 -10.000000000000009 0.0 10.0 0.0 0.0 0.0 
5 0.0 0.0 0.0 0.0 0.0 0.0 0.0 
5 0.0 0.0 0.0 0.0 0.0 0.0 0.0 
6 0.0 0.0 -9.999999999999998 0.0 10.0 0.0 0.0 
6 -0.605650913809447 -0.43057611472711876 0.0 0.0 1.0362270285365611 0.0 0.0 
6 0.0 0.0 0.0 0.0 0.0 0.0 0.0 
6 0.0 -10.000000000000002 0.0 0.0 10.0 0.0 0.0 
6 0.0 0.0 0.0 0.0 2.18311097847537E-4 -2.18311097847537E-4 0.0 
6 0.0 0.0 0.0 0.0 -3.559804836999569E-15 0.0 0.0 
6 0.0 0.0 0.0 -10.0 10.0 0.0 0.0 
6 0.0 0.0 0.0 0.0 0.0 0.0 0.0 
6 -7.924439935703843 0.0 0.0 0.0 10.0 -2.075560064296168 0.0 
6 0.0 0.0 0.0 0.0 0.0 0.0 0.0 
6 0.0 -9.416281889165186 -0.5837181108348237 0.0 10.0 0.0 0.0 
6 0.0 0.0 0.0 0.0 10.0 0.0 -10.000000000000016 
6 0.0 0.0 0.0 0.0 0.0 0.0 0.0 
6 0.0 0.0 0.0 0.0 0.0 0.0 0.0 
6 0.0 0.0 -9.999999999999991 0.0 10.0 0.0 0.0 
6 0.0 0.0 0.0 0.0 0.0 0.0 0.0 
6 0.0 0.0 0.0 0.0 0.0 0.0 0.0 
6 0.0 0.0 0.0 0.0 1.6016492554095512 -1.601649255409548 0.0 
6 0.0 -9.810013694768394 -0.18998630523163165 0.0 10.0 0.0 0.0 
6 -0.7575851039303071 0.0 -1.486435402399379 0.0 2.244020506329686 0.0 0.0 
6 0.0 0.0 0.0 0.0 10.0 0.0 -9.999999999999993 
6 0.0 0.0 -0.0841638833247249 0.0 10.0 -9.915836116675273 0.0 
6 0.0 0.0 -10.00000000000001 0.0 10.0 0.0 0.0 
6 0.0 0.0 0.0 0.0 10.0 -9.999999999999998 0.0 
6 0.0 0.0 0.0 0.0 10.0 0.0 -10.000000000000002 
6 0.0 0.0 0.0 0.0 0.0 0.0 0.0 
6 0.0 0.0 -9.999999999999995 0.0 10.0 0.0 0.0 
6 0.0 0.0 0.0 0.0 10.0 0.0 -9.999999999999998 
6 0.0 0.0 0.0 0.0 10.0 0.0 -9.999999999999998 
6 -9.999999999999986 0.0 0.0 0.0 10.0 0.0 0.0 
6 0.0 0.0 0.0 0.0 0.0 0.0 0.0 
6 0.0 0.0 -9.999999999999996 0.0 10.0 0.0 0.0 
6 0.0 0.0 -9.999999999999986 0.0 10.0 0.0 0.0 
6 -6.6910993765580065 -3.308900623441983 0.0 0.0 10.0 0.0 0.0 
6 0.0 0.0 0.0 0.0 10.0 0.0 -10.000000000000009 
6 0.0 0.0 -10.000000000000002 0.0 10.0 0.0 0.0 
6 -0.19679010044426953 -0.5637161531664621 0.0 -0.8894507072750797 3.779323226965642 0.0 -2.1293662660798307 
6 0.0 0.0 0.0 0.0 1.6934383340191152E-15 0.0 0.0 
6 -4.241040260974312 0.0 -2.9020048178604534 -2.856954921165225 10.0 0.0 0.0 
6 0.0 0.0 0.0 0.0 0.0 0.0 0.0 
6 0.0 0.0 0.0 -10.000000000000012 10.0 0.0 0.0 
6 0.0 0.0 0.0 0.0 -3.1745678748510936E-15 0.0 0.0 
6 0.0 0.0 0.0 0.0 0.0 0.0 0.0 
6 0.0 0.0 0.0 0.0 0.0 0.0 0.0 
6 0.0 0.0 0.0 0.0 0.0 0.0 0.0 
6 0.0 0.0 -0.02564138480697334 0.0 0.02564138480697334 0.0 0.0 
6 0.0 0.0 0.0 0.0 -4.660581959678306E-15 0.0 0.0 
6 0.0 0.0 0.0 0.0 0.0 0.0 0.0 
6 0.0 0.0 0.0 0.0 4.034639071676028E-15 0.0 0.0 
6 0.0 0.0 -0.03336127953212539 0.0 2.0475650547192235 -2.0142037751871054 0.0 
6 0.0 0.0 0.0 0.0 0.0 0.0 0.0 
6 0.0 0.0 -10.000000000000004 0.0 10.0 0.0 0.0 
6 0.0 0.0 -10.000000000000014 0.0 10.0 0.0 0.0 
6 0.0 0.0 0.0 -9.999999999999993 10.0 0.0 0.0 
6 0.0 0.0 0.0 0.0 0.0 0.0 0.0 
6 0.0 -9.995453387590315 -0.004546612409701283 0.0 10.0 0.0 0.0 
6 0.0 0.0 0.0 0.0 0.0 0.0 0.0 
6 0.0 -9.07434784387884 0.0 0.0 9.07434784387884 0.0 0.0 
6 0.0 0.0 0.0 0.0 0.0 0.0 0.0 
6 0.0 0.0 0.0 0.0 0.0 0.0 0.0 
6 0.0 0.0 0.0 0.0 0.0 0.0 0.0 
6 0.0 0.0 0.0 0.0 0.0 0.0 0.0 
6 0.0 0.0 0.0 0.0 0.0 0.0 0.0 
6 0.0 0.0 0.0 0.0 0.0 0.0 0.0 
6 0.0 0.0 0.0 0.0 0.0 0.0 0.0 
6 0.0 0.0 0.0 0.0 0.0 0.0 0.0 
6 0.0 0.0 -4.826974889887991 -1.912614266049194 9.982931357122835 -2.508775823293035 -0.7345663778926145 
6 -9.999999999999991 0.0 0.0 0.0 10.0 0.0 0.0 
6 0.0 0.0 0.0 0.0 0.0 0.0 0.0 
6 -10.0 0.0 0.0 0.0 10.0 0.0 0.0 
6 0.0 0.0 -9.999999999999995 0.0 10.0 0.0 0.0 
6 0.0 0.0 0.0 0.0 0.0 0.0 0.0 
6 0.0 0.0 0.0 0.0 0.0 0.0 0.0 
6 0.0 0.0 -9.999999999999996 0.0 10.0 0.0 0.0 
6 0.0 0.0 0.0 0.0 0.0 0.0 0.0 
6 0.0 0.0 0.0 0.0 10.0 0.0 -10.000000000000002 
6 -9.99999999999999 0.0 0.0 0.0 10.0 0.0 0.0 
6 0.0 0.0 0.0 0.0 0.0 0.0 0.0 
6 -0.14297458210325736 -0.17022969210125763 -0.17817753379485324 -0.14379860823780413 0.983500339690443 -0.17451227852188436 -0.17380764493138653 
6 0.0 0.0 0.0 0.0 0.0 0.0 0.0 
6 0.0 0.0 0.0 0.0 0.0 0.0 0.0 
6 0.0 0.0 0.0 0.0 0.0 0.0 0.0 
6 0.0 0.0 0.0 0.0 0.0 0.0 0.0 
6 0.0 0.0 0.0 0.0 10.0 0.0 -10.000000000000007 
6 0.0 0.0 0.0 0.0 0.0 0.0 0.0 
6 0.0 0.0 0.0 0.0 0.0 0.0 0.0 
6 0.0 0.0 0.0 0.0 6.753394303543207E-15 0.0 0.0 
6 0.0 -9.04238099987274 -0.9576190001272729 0.0 10.0 0.0 0.0 
6 0.0 0.0 -10.000000000000007 0.0 10.0 0.0 0.0 
6 0.0 -6.391443569671334 0.0 0.0 10.0 -3.6085564303286697 0.0 
6 0.0 0.0 0.0 -0.6837759172959688 0.6837759172959688 0.0 0.0 
6 0.0 -10.0 0.0 0.0 10.0 0.0 0.0 
6 0.0 0.0 0.0 0.0 0.0 0.0 0.0 
6 0.0 0.0 0.0 0.0 3.2885827417325253E-15 0.0 0.0 
6 0.0 0.0 0.0 0.0 0.0 0.0 0.0 
6 0.0 0.0 0.0 0.0 1.11171113394389 -1.111711133943893 0.0 
6 0.0 -4.573866819852888 -5.4261331801471 0.0 10.0 0.0 0.0 
6 0.0 0.0 0.0 0.0 0.0 0.0 0.0 
6 -1.322153827019585 -3.469679858162297 -2.097061329907515 0.0 8.095207603824193 -0.8692978445223931 -0.33701474421240246 
6 0.0 0.0 -8.511916081458338E-4 -0.7818788091074249 1.2784437539753317 0.0 -0.49571375325976264 
6 0.0 0.0 0.0 0.0 0.0 0.0 0.0 
6 -4.453968684403157 0.0 0.0 -5.546031315596851 10.0 0.0 0.0 
6 0.0 0.0 0.0 0.0 0.0 0.0 0.0 
6 0.0 0.0 0.0 0.0 0.0 0.0 0.0 
6 -10.000000000000005 0.0 0.0 0.0 10.0 0.0 0.0 
6 0.0 0.0 0.0 0.0 10.0 0.0 -10.0 
6 0.0 0.0 0.0 -2.856596748551805 10.0 -0.28831983087445834 -6.85508342057373 
6 0.0 0.0 0.0 0.0 0.0 0.0 0.0 
6 0.0 0.0 0.0 0.0 0.0 0.0 0.0 
6 0.0 0.0 0.0 0.0 0.0 0.0 0.0 
6 0.0 0.0 0.0 0.0 0.0 0.0 0.0 
6 0.0 0.0 0.0 0.0 0.0 0.0 0.0 
6 0.0 -9.797626486543247E-6 0.0 0.0 10.0 0.0 -9.999990202373514 
6 0.0 -10.0 0.0 0.0 10.0 0.0 0.0 
6 0.0 0.0 0.0 0.0 0.0 0.0 0.0 
6 0.0 0.0 0.0 0.0 0.0 0.0 0.0 
6 0.0 0.0 0.0 0.0 0.0 0.0 0.0 
6 0.0 0.0 0.0 0.0 0.0 0.0 0.0 
6 0.0 0.0 0.0 0.0 -9.003517734895171E-16 0.0 0.0 
6 -9.999999999999996 0.0 0.0 0.0 10.0 0.0 0.0 
6 0.0 0.0 0.0 0.0 10.0 0.0 -10.0 
6 0.0 0.0 0.0 0.0 0.0 0.0 0.0 
6 0.0 0.0 0.0 0.0 0.0 0.0 0.0 
6 0.0 0.0 0.0 0.0 6.753394376735478E-15 0.0 0.0 
6 0.0 0.0 0.0 0.0 5.366327184760456E-16 0.0 0.0 
6 0.0 0.0 0.0 -3.894626589491996 10.0 0.0 -6.105373410508002 
6 0.0 0.0 0.0 0.0 0.0 0.0 0.0 
6 0.0 0.0 0.0 0.0 0.0 0.0 0.0 
6 0.0 0.0 0.0 0.0 10.0 0.0 -9.999999999999988 
6 0.0 0.0 0.0 0.0 0.0 0.0 0.0 
6 0.0 0.0 0.0 0.0 0.0 0.0 0.0 
6 0.0 0.0 0.0 0.0 0.0 0.0 0.0 
6 0.0 0.0 -9.999999999999995 0.0 10.0 0.0 0.0 
6 0.0 0.0 0.0 0.0 10.0 -9.999999999999998 0.0 
6 0.0 0.0 0.0 0.0 0.0 0.0 0.0 
6 0.0 0.0 0.0 0.0 -4.25442417838185E-15 0.0 0.0 
6 0.0 0.0 -9.999999999999998 0.0 10.0 0.0 0.0 
6 0.0 0.0 0.0 0.0 0.0 0.0 0.0 
6 0.0 0.0 0.0 0.0 10.0 0.0 -10.0 
6 0.0 0.0 0.0 0.0 7.322841796084827E-16 0.0 0.0 
6 0.0 0.0 0.0 0.0 0.0 0.0 0.0 
6 0.0 0.0 0.0 0.0 0.0 0.0 0.0 
6 0.0 0.0 -3.9429564450054904 0.0 10.0 -6.057043554994505 0.0 
6 0.0 0.0 0.0 0.0 0.0 0.0 0.0 
6 0.0 0.0 0.0 0.0 0.0 0.0 0.0 
6 0.0 0.0 0.0 0.0 0.0 0.0 0.0 
6 -0.23107255064334398 -0.27268318432841143 -0.275340109171557 -0.22534111610634397 1.5405271778023524 -0.27528067821561264 -0.26080953933708173 
6 0.0 0.0 0.0 0.0 0.0 0.0 0.0 
6 0.0 -1.9921406053524873 0.0 0.0 1.9921406053524844 0.0 0.0 
6 0.0 0.0 0.0 0.0 0.0 0.0 0.0 
6 0.0 0.0 -10.000000000000002 0.0 10.0 0.0 0.0 
6 0.0 0.0 0.0 -4.1892442759577 4.1892442759577 0.0 0.0 
6 0.0 0.0 0.0 0.0 0.0 0.0 0.0 
6 0.0 0.0 0.0 0.0 0.0 0.0 0.0 
6 -0.14309794218977245 -0.17033720804221225 -0.17801360003655123 -0.14382001049330825 0.9835768438753427 -0.17452388634385366 -0.1737841967696462 
6 0.0 0.0 0.0 0.0 0.0 0.0 0.0 
6 0.0 0.0 0.0 0.0 0.0 0.0 0.0 
6 0.0 0.0 0.0 0.0 10.0 -10.0 0.0 
6 0.0 0.0 0.0 0.0 0.0 0.0 0.0 
6 0.0 -9.451522258773553 0.0 0.0 10.0 0.0 -0.5484777412264522 
6 0.0 0.0 -10.0 0.0 10.0 0.0 0.0 
6 0.0 0.0 0.0 0.0 0.0 0.0 0.0 
6 0.0 -1.6978418809878277 0.0 0.0 10.0 -8.302158119012173 0.0 
6 0.0 -7.887730485096289 0.0 0.0 10.0 0.0 -2.1122695149037134 
6 0.0 0.0 0.0 0.0 0.0 0.0 0.0 
6 0.0 0.0 0.0 0.0 10.0 0.0 -10.000000000000002 
6 0.0 0.0 0.0 0.0 0.0 0.0 0.0 
6 -2.3538439732615335 0.0 -3.795255823885922 -2.050137783850179 10.0 0.0 -1.800762419002347 
6 0.0 0.0 0.0 -10.0 10.0 0.0 0.0 
6 0.0 0.0 0.0 -9.999999999999998 10.0 0.0 0.0 
6 0.0 0.0 -9.999999999999996 0.0 10.0 0.0 0.0 
6 0.0 0.0 0.0 0.0 0.0 0.0 0.0 
6 0.0 -3.085335943235157 0.0 0.0 10.0 0.0 -6.9146640567648445 
6 0.0 0.0 0.0 0.0 0.0 0.0 0.0 
6 0.0 0.0 0.0 0.0 10.0 -10.000000000000005 0.0 
6 0.0 0.0 0.0 0.0 0.0 0.0 0.0 
6 0.0 0.0 0.0 -9.66199166452641 9.66199166452641 0.0 0.0 
6 0.0 -4.81691713619879 -2.600478533206027 -2.582604330595186 10.0 0.0 0.0 
6 0.0 0.0 0.0 0.0 0.0 0.0 0.0 
6 0.0 0.0 0.0 0.0 0.0 0.0 0.0 
6 -0.02634672242605567 -0.0238140549272184 -0.02949290171611634 -0.026505983750915285 0.16711348808250492 -0.026701542362740794 -0.03425228289945912 
6 0.0 -0.997886852675803 0.0 0.0 10.0 -1.1813993781813645 -7.820713769142843 
6 0.0 -5.150758592899147 -3.322944541982023 0.0 10.0 -1.526296865118812 0.0 
6 0.0 0.0 0.0 0.0 10.0 0.0 -10.00000000000001 
6 0.0 0.0 -9.999999999999998 0.0 10.0 0.0 0.0 
6 0.0 0.0 0.0 0.0 0.0 0.0 0.0 
6 -1.4293756503592632 0.0 0.0 0.0 3.565605512633804 0.0 -2.136229862274542 
6 -10.000000000000002 0.0 0.0 0.0 10.0 0.0 0.0 
6 0.0 0.0 0.0 0.0 0.0 0.0 0.0 
6 0.0 0.0 0.0 0.0 0.0 0.0 0.0 
6 0.0 0.0 0.0 -10.000000000000007 10.0 0.0 0.0 
6 0.0 0.0 0.0 0.0 0.0 0.0 0.0 
6 0.0 0.0 0.0 0.0 0.0 0.0 0.0 
6 -7.844308842940763 0.0 -2.155691157059238 0.0 10.0 0.0 0.0 
6 0.0 0.0 0.0 0.0 4.539834517409449 0.0 -4.539834517409448 
6 0.0 0.0 -10.00000000000001 0.0 10.0 0.0 0.0 
6 0.0 0.0 0.0 0.0 -8.435288519088734E-15 0.0 0.0 
6 0.0 0.0 0.0 0.0 10.0 0.0 -10.000000000000005 
6 0.0 0.0 -7.798653303865432 0.0 7.7986533038654295 0.0 0.0 
6 0.0 0.0 0.0 0.0 0.0 0.0 0.0 
6 -0.4150189932036047 -0.5014083504699698 -0.4675534219659116 -0.6736150727919658 2.962171401643428 -0.47211808001136907 -0.4324574832006047 
6 0.0 0.0 0.0 0.0 2.576120151590969E-15 0.0 0.0 
6 -10.000000000000002 0.0 0.0 0.0 10.0 0.0 0.0 
6 0.0 0.0 0.0 0.0 10.0 -8.208514542203526 -1.7914854577964725 
6 0.0 -2.650683847931732 -1.189903002673951 0.0 3.840586850605679 0.0 0.0 
3 0.0 0.0 0.0 0.0 0.0 0.0 0.0 
3 0.0 0.0 0.0 0.0 0.0 0.0 0.0 
3 0.0 0.0 0.0 0.0 0.0 0.0 0.0 
3 0.0 0.0 0.0 0.0 0.0 0.0 0.0 
3 0.0 0.0 0.0 0.0 0.0 0.0 0.0 
3 0.0 0.0 0.0 0.0 0.0 0.0 0.0 
3 0.0 0.0 0.0 0.0 0.0 0.0 0.0 
3 0.0 0.0 0.0 0.0 0.0 0.0 0.0 
3 0.0 0.0 0.0 0.0 0.0 0.0 0.0 
3 0.0 0.0 0.0 0.0 0.0 0.0 0.0 
3 0.0 -4.270690684892487 0.0 -2.161619688036309 0.0 10.0 -3.5676896270711937 
3 0.0 0.0 0.0 0.0 -2.1561034032085447 4.064929324012059 -1.9088259208035194 
3 -3.2089592213878513 -1.9070193579438601 0.0 -0.3311707705747989 -2.4941797393934637 10.0 -2.0586709107000183 
3 0.0 0.0 0.0 0.0 0.0 0.0 0.0 
3 0.0 -0.1571585936150164 -9.842841406384984 0.0 0.0 10.0 0.0 
3 0.0 0.0 0.0 0.0 0.0 -5.085262247488755E-16 0.0 
3 0.0 0.0 0.0 0.0 0.0 0.0 0.0 
3 0.0 0.0 0.0 0.0 0.0 -1.824646579830331E-15 0.0 
3 0.0 0.0 0.0 0.0 -3.1295355648861647 3.1295355648861647 0.0 
3 0.0 0.0 0.0 0.0 0.0 0.0 0.0 
3 0.0 0.0 0.0 0.0 0.0 0.0 0.0 
3 0.0 0.0 0.0 0.0 0.0 10.0 -9.99999999999995 
3 0.0 0.0 -9.999999999999993 0.0 0.0 10.0 0.0 
3 0.0 -9.999999999999998 0.0 0.0 0.0 10.0 0.0 
3 0.0 0.0 0.0 0.0 0.0 0.0 0.0 
3 0.0 0.0 0.0 0.0 0.0 0.0 0.0 
3 0.0 0.0 0.0 0.0 0.0 0.0 0.0 
3 -0.33232603831876273 -0.14148540051645267 -0.29130347758550423 -0.32010547259004474 -0.24393092452425713 1.667625897256899 -0.33847458372187733 
3 0.0 -10.0 0.0 0.0 0.0 10.0 0.0 
3 0.0 0.0 0.0 0.0 0.0 0.0 0.0 
3 0.0 0.0 0.0 0.0 0.0 0.0 0.0 
3 0.0 0.0 0.0 0.0 0.0 0.0 0.0 
3 0.0 -2.5691364509781693 0.0 0.0 0.0 2.5691364509781667 0.0 
3 0.0 0.0 0.0 0.0 0.0 0.0 0.0 
3 0.0 -1.7478504581029415 -0.3507995551390828 0.0 -0.8533811529443595 3.230168725732189 -0.2781375595457896 
3 0.0 -9.999999999999996 0.0 0.0 0.0 10.0 0.0 
3 0.0 0.0 0.0 0.0 0.0 0.0 0.0 
3 0.0 0.0 0.0 0.0 0.0 0.0 0.0 
3 -0.6780422051198567 0.0 -0.20041703935428687 0.0 0.0 2.3616237483536313 -1.4831645038794972 
3 0.0 0.0 0.0 0.0 0.0 0.0 0.0 
3 0.0 0.0 0.0 0.0 0.0 0.0 0.0 
3 0.0 -9.999999999999998 0.0 0.0 0.0 10.0 0.0 
3 0.0 0.0 0.0 0.0 0.0 0.0 0.0 
3 0.0 0.0 -10.0 0.0 0.0 10.0 0.0 
3 0.0 0.0 0.0 0.0 0.0 0.0 0.0 
3 0.0 0.0 0.0 0.0 0.0 2.138903874647144E-15 0.0 
3 0.0 0.0 0.0 0.0 0.0 10.0 -9.999999999999984 
3 0.0 0.0 0.0 0.0 0.0 0.0 0.0 
3 0.0 0.0 0.0 0.0 0.0 1.4703160362870931E-15 0.0 
3 0.0 0.0 0.0 0.0 0.0 0.0 0.0 
3 0.0 -4.903129384393382 0.0 0.0 -5.096870615606617 10.0 0.0 
3 0.0 0.0 0.0 0.0 0.0 0.0 0.0 
3 0.0 0.0 0.0 0.0 0.0 0.0 0.0 
3 0.0 0.0 0.0 0.0 0.0 0.0 0.0 
3 0.0 -10.0 0.0 0.0 0.0 10.0 0.0 
3 0.0 -10.000000000000059 0.0 0.0 0.0 10.0 0.0 
3 0.0 0.0 0.0 -0.7912058206645731 0.0 0.7912058206645731 0.0 
3 0.0 0.0 0.0 0.0 0.0 0.0 0.0 
3 0.0 0.0 0.0 0.0 0.0 0.0 0.0 
3 -3.595376809448648 0.0 0.0 -2.057052383400201 -4.257381559757413 9.909810752606257 0.0 
3 0.0 0.0 0.0 0.0 0.0 0.0 0.0 
3 0.0 -7.5463558064820395 -1.2087676329422687 -1.2448765605756988 0.0 10.0 0.0 
3 0.0 -9.999999999999993 0.0 0.0 0.0 10.0 0.0 
3 0.0 0.0 0.0 0.0 0.0 0.0 0.0 
3 0.0 0.0 0.0 0.0 0.0 0.0 0.0 
3 0.0 0.0 -9.999999999999995 0.0 0.0 10.0 0.0 
3 0.0 0.0 0.0 0.0 0.0 0.0 0.0 
3 0.0 0.0 -2.0905446151837364 -0.9721295055901192 0.0 3.0626741207738557 0.0 
3 0.0 0.0 0.0 0.0 -1.3237447021697 1.3237447021697 0.0 
3 0.0 -9.999999999999998 0.0 0.0 0.0 10.0 0.0 
3 0.0 0.0 0.0 0.0 0.0 0.0 0.0 
3 -0.18901965042944743 -0.09115027468144303 -0.16397817813442844 -0.16402607727932977 -0.1705731042195304 0.9657939385832052 -0.18704665383902733 
3 0.0 -9.999999999999973 0.0 0.0 0.0 10.0 0.0 
3 0.0 0.0 0.0 0.0 0.0 7.242220667416795E-16 0.0 
3 0.0 0.0 0.0 0.0 0.0 0.0 0.0 
3 0.0 0.0 0.0 0.0 0.0 0.0 0.0 
3 0.0 0.0 0.0 0.0 0.0 0.0 0.0 
3 0.0 0.0 0.0 0.0 0.0 0.0 0.0 
3 0.0 0.0 0.0 0.0 0.0 0.0 0.0 
3 0.0 0.0 0.0 0.0 0.0 0.0 0.0 
3 0.0 0.0 0.0 0.0 0.0 0.0 0.0 
3 0.0 0.0 0.0 0.0 0.0 0.0 0.0 
3 0.0 0.0 0.0 0.0 0.0 0.0 0.0 
3 -0.6942932543549087 0.0 0.0 -0.6261500989839106 0.0 1.3204433533388193 0.0 
3 0.0 0.0 0.0 0.0 0.0 0.0 0.0 
3 0.0 -10.0 0.0 0.0 0.0 10.0 0.0 
3 0.0 0.0 0.0 0.0 0.0 3.9657170722690384E-16 0.0 
3 0.0 0.0 0.0 0.0 0.0 0.0 0.0 
3 0.0 0.0 0.0 0.0 0.0 0.0 0.0 
3 -1.1465728794397734 -7.344713881568659 -0.44975548450184744 0.0 -0.25878955889507305 10.0 -0.8001681955946494 
3 0.0 0.0 0.0 0.0 0.0 0.0 0.0 
3 -2.52743114679267 0.0 0.0 -2.160019108376277 -1.3228076079613431 10.0 -3.989742136869708 
3 0.0 -9.999999999999995 0.0 0.0 0.0 10.0 0.0 
3 0.0 0.0 0.0 0.0 0.0 2.5905986233978832E-15 0.0 
3 0.0 0.0 0.0 0.0 0.0 0.0 0.0 
3 0.0 0.0 0.0 0.0 0.0 0.0 0.0 
3 0.0 0.0 0.0 0.0 0.0 0.0 0.0 
3 -0.14728232830309743 -0.05162889168755688 -0.14405641775885356 -0.12479553399087162 -0.146976194553063 0.7770584131995114 -0.1623190469060696 
3 0.0 0.0 0.0 0.0 0.0 0.0 0.0 
3 -10.000000000000002 0.0 0.0 0.0 0.0 10.0 0.0 
3 0.0 0.0 0.0 0.0 0.0 0.0 0.0 
3 0.0 0.0 0.0 0.0 0.0 0.0 0.0 
3 0.0 0.0 0.0 0.0 0.0 0.0 0.0 
3 0.0 0.0 0.0 0.0 0.0 0.0 0.0 
3 0.0 0.0 0.0 0.0 0.0 0.0 0.0 
3 0.0 0.0 -10.000000000000005 0.0 0.0 10.0 0.0 
3 0.0 0.0 0.0 0.0 0.0 0.0 0.0 
3 0.0 -10.000000000000007 0.0 0.0 0.0 10.0 0.0 
3 0.0 0.0 0.0 0.0 0.0 0.0 0.0 
3 -0.3366388523730424 -0.03201620851963502 -0.3452303859606955 -0.3322235770444679 -0.35961790247012637 1.7605539418096092 -0.35482701544163936 
3 0.0 0.0 0.0 0.0 0.0 0.0 0.0 
3 0.0 -1.3978591593463416 0.0 0.0 -8.602140840653663 10.0 0.0 
3 0.0 0.0 0.0 0.0 0.0 0.0 0.0 
3 0.0 0.0 0.0 0.0 0.0 0.0 0.0 
3 0.0 0.0 -10.000000000000009 0.0 0.0 10.0 0.0 
3 0.0 0.0 0.0 0.0 0.0 0.0 0.0 
3 0.0 0.0 -10.000000000000002 0.0 0.0 10.0 0.0 
3 0.0 -9.999999999999998 0.0 0.0 0.0 10.0 0.0 
3 0.0 0.0 0.0 0.0 0.0 0.0 0.0 
3 0.0 0.0 0.0 0.0 0.0 0.0 0.0 
3 0.0 0.0 0.0 0.0 0.0 -1.1865329447988086E-15 0.0 
3 0.0 0.0 -9.999999999999993 0.0 0.0 10.0 0.0 
3 0.0 0.0 0.0 0.0 0.0 0.0 0.0 
3 -0.8752775837144641 -0.4346549956873868 -0.7514602298690813 -0.692297124771811 -0.8146672113800424 4.462053224288038 -0.8936960788652552 
3 0.0 0.0 0.0 0.0 0.0 0.0 0.0 
3 0.0 -10.0 0.0 0.0 0.0 10.0 0.0 
3 0.0 0.0 0.0 0.0 0.0 0.0 0.0 
3 0.0 0.0 0.0 0.0 0.0 0.0 0.0 
3 -0.18919327790933876 -0.09102587953463316 -0.16393878181985969 -0.16421779301277667 -0.17054602095640922 0.9660091818847287 -0.18708742865171185 
3 0.0 0.0 -10.0 0.0 0.0 10.0 0.0 
3 0.0 -0.026204204803109907 0.0 0.0 0.0 0.02620420480311101 0.0 
3 0.0 -0.1314155088014019 0.0 0.0 0.0 0.13141550880140268 0.0 
3 0.0 0.0 -9.999999999999991 0.0 0.0 10.0 0.0 
3 0.0 0.0 0.0 0.0 0.0 0.0 0.0 
3 0.0 0.0 0.0 0.0 0.0 0.0 0.0 
3 0.0 0.0 0.0 0.0 0.0 0.0 0.0 
3 0.0 0.0 0.0 0.0 0.0 0.0 0.0 
3 0.0 0.0 0.0 0.0 0.0 0.0 0.0 
3 0.0 0.0 0.0 0.0 0.0 0.0 0.0 
3 0.0 0.0 0.0 0.0 0.0 0.0 0.0 
3 0.0 0.0 0.0 0.0 0.0 0.0 0.0 
3 0.0 0.0 0.0 0.0 0.0 0.0 0.0 
3 0.0 0.0 -10.000000000000002 0.0 0.0 10.0 0.0 
3 0.0 0.0 -0.3451665492038553 -1.3034717991455005 0.0 1.7878745289177875 -0.13923618056843085 
3 0.0 0.0 0.0 0.0 0.0 0.0 0.0 
3 0.0 -10.0 0.0 0.0 0.0 10.0 0.0 
3 0.0 -9.999999999999993 0.0 0.0 0.0 10.0 0.0 
3 0.0 -9.999999999999996 0.0 0.0 0.0 10.0 0.0 
3 0.0 0.0 0.0 0.0 0.0 0.0 0.0 
3 0.0 -9.999999999999996 0.0 0.0 0.0 10.0 0.0 
3 0.0 0.0 0.0 0.0 0.0 0.0 0.0 
3 0.0 0.0 0.0 0.0 0.0 0.0 0.0 
3 0.0 0.0 -3.842391307160995 0.0 0.0 3.8423913071609928 0.0 
3 0.0 -0.17808168820003795 -7.752373617336139 0.0 0.0 7.930455305536175 0.0 
3 0.0 0.0 -10.000000000000002 0.0 0.0 10.0 0.0 
3 -0.014380439950998927 0.0 -0.002167541313380198 -8.699069624248995E-5 -1.6621885923257066E-4 0.018909679853368253 -0.002108489033514066 
3 0.0 0.0 0.0 0.0 0.0 0.0 0.0 
3 0.0 0.0 -9.999999999999998 0.0 0.0 10.0 0.0 
3 0.0 0.0 0.0 0.0 -7.79094043955505 10.0 -2.209059560444958 
3 0.0 0.0 0.0 0.0 0.0 0.0 0.0 
3 0.0 0.0 0.0 0.0 0.0 0.0 0.0 
3 0.0 0.0 0.0 0.0 0.0 0.0 0.0 
3 0.0 0.0 0.0 0.0 0.0 0.0 0.0 
3 0.0 0.0 0.0 -0.08011739905668352 0.0 0.0801173990566826 0.0 
3 0.0 0.0 0.0 0.0 0.0 0.0 0.0 
3 0.0 0.0 0.0 0.0 0.0 10.0 -10.000000000000007 
3 0.0 0.0 0.0 0.0 0.0 0.0 0.0 
3 -3.644697602995164 0.0 0.0 0.0 -2.744533686362779 10.0 -3.6107687106420427 
3 0.0 -3.996960673940922 0.0 0.0 -6.003039326059079 10.0 0.0 
3 0.0 -10.0 0.0 0.0 0.0 10.0 0.0 
3 0.0 -9.999999999999977 0.0 0.0 0.0 10.0 0.0 
3 0.0 0.0 0.0 0.0 0.0 0.0 0.0 
3 0.0 0.0 0.0 0.0 0.0 0.0 0.0 
3 0.0 0.0 0.0 0.0 0.0 1.0025954148617965E-15 0.0 
3 0.0 0.0 0.0 0.0 0.0 7.593513274198008E-16 0.0 
3 0.0 0.0 0.0 0.0 -1.2031207280338838 1.4377272106791228 -0.23460648264523826 
3 0.0 -10.000000000000002 0.0 0.0 0.0 10.0 0.0 
3 -0.02938798344311436 -0.010220825793133331 -0.027668314123929963 -0.023489168564540665 -0.02901614455347756 0.15487502329935507 -0.03509258682115899 
3 0.0 0.0 0.0 0.0 0.0 0.0 0.0 
3 -0.28768933985496414 -0.1548319907166223 -0.24639680930902944 -0.2611718408502288 -0.2628980200252877 1.5009770834182605 -0.28798908266212897 
3 0.0 0.0 0.0 0.0 0.0 0.0 0.0 
3 -1.2833445622287776 0.0 -1.2875985801718264 0.0 0.0 2.57873570154721 -0.0077925591466009875 
3 0.0 -5.589238959629549 0.0 -1.0055165343801722 -1.9859570426709692 10.0 -1.419287463319311 
3 0.0 0.0 0.0 0.0 0.0 0.0 0.0 
3 0.0 0.0 0.0 0.0 0.0 0.0 0.0 
3 0.0 0.0 0.0 0.0 0.0 0.0 0.0 
3 -4.018660797961492 0.0 -0.573652490002694 -1.8662250756558878 0.0 6.458538363620076 0.0 
3 -9.928963002877472 0.0 0.0 0.0 0.0 9.928963002877467 0.0 
3 0.0 0.0 0.0 -0.016133833857877266 -1.956559843708924E-4 0.07043704507273581 -0.05410755523048864 
3 -0.394112587483297 -0.17223108369312315 -0.32002283442188906 -0.3766332436067197 -0.35160110730503885 2.0065399076977624 -0.39193905118769284 
3 -0.002256363279015821 -9.965843252605275 -0.007790040493057215 0.0 -0.011540144125701387 9.997578180796612 -0.01014838029356065 
3 0.0 0.0 0.0 0.0 0.0 0.0 0.0 
3 -0.27299340905211233 -0.10197469612116629 -0.23432390637374786 -0.22828714480647896 -0.23496807491269908 1.3392930030608832 -0.26674577179467973 
3 0.0 0.0 0.0 0.0 0.0 0.0 0.0 
3 0.0 -7.242851370139995 0.0 -2.757148629860004 0.0 10.0 0.0 
3 0.0 0.0 0.0 0.0 0.0 0.0 0.0 
3 0.0 0.0 0.0 0.0 0.0 0.0 0.0 
3 0.0 0.0 0.0 0.0 0.0 0.0 0.0 
3 0.0 -5.851160005368161 0.0 -4.14883999463185 0.0 10.0 0.0 
3 0.0 -9.621926763450615 0.0 -0.3780732365494011 0.0 10.0 0.0 
3 0.0 0.0 0.0 0.0 0.0 0.0 0.0 
3 0.0 -4.8619816555971855 -3.80034062653239 -1.1152145044472141 -0.22246321342321196 10.0 0.0 
3 0.0 0.0 0.0 0.0 0.0 0.0 0.0 
3 0.0 0.0 0.0 0.0 0.0 8.772029878835169E-16 0.0 
3 0.0 0.0 0.0 0.0 -10.000000000000004 10.0 0.0 
3 0.0 -10.0 0.0 0.0 0.0 10.0 0.0 
3 0.0 0.0 0.0 -0.7933047928084976 0.0 0.7933047928085012 0.0 
3 0.0 -9.999999999999996 0.0 0.0 0.0 10.0 0.0 
3 -10.0 0.0 0.0 0.0 0.0 10.0 0.0 
3 -0.16324025569873415 -0.04367073705496575 -0.12982040055806285 -0.12604288114030646 -0.1459650729779442 0.7698505656220772 -0.16111121819206395 
3 0.0 0.0 0.0 0.0 0.0 -1.1951279045408527E-15 0.0 
3 -0.16991968488044204 -0.011622995948374053 -0.15022666042955266 -0.1396207211963781 -0.15630943403847394 0.7969819015968728 -0.16928240510364942 
3 -2.245536070669378 0.0 -0.28498088232163826 -1.9369640272292041 -0.6220678792101741 6.800979495781455 -1.7114306363510603 
3 -0.18917044445990835 -0.09120291658460596 -0.16388125058657296 -0.1641403486387133 -0.17055188968299212 0.9659922038864609 -0.187045353933669 
3 0.0 0.0 0.0 0.0 0.0 0.0 0.0 
3 0.0 0.0 0.0 0.0 0.0 0.0 0.0 
3 0.0 0.0 0.0 0.0 0.0 0.0 0.0 
3 0.0 0.0 0.0 0.0 0.0 0.0 0.0 
3 0.0 0.0 0.0 0.0 0.0 0.0 0.0 
3 0.0 0.0 0.0 0.0 0.0 0.0 0.0 
3 0.0 0.0 0.0 0.0 0.0 0.0 0.0 
3 0.0 0.0 0.0 0.0 0.0 2.2126755329244844E-15 0.0 
3 0.0 0.0 0.0 0.0 0.0 0.0 0.0 
3 0.0 0.0 0.0 0.0 0.0 0.0 0.0 
3 0.0 0.0 -9.999999999999998 0.0 0.0 10.0 0.0 
3 -9.99999995071621 -2.8684431041405355E-8 0.0 0.0 0.0 10.0 -2.0599358696424424E-8 
3 -7.667614147378641E-4 -0.019424238823505396 0.0 0.0 0.0 0.020446689824018045 -2.5568958577597907E-4 
3 0.0 0.0 0.0 0.0 0.0 0.0 0.0 
3 -9.999999999999991 0.0 0.0 0.0 0.0 10.0 0.0 
3 0.0 0.0 0.0 0.0 0.0 0.0 0.0 
3 -0.048869532273550474 0.0 -2.754764984247474 -0.44082202837125617 0.0 3.244456544892278 0.0 
3 0.0 0.0 0.0 0.0 0.0 0.0 0.0 
3 0.0 0.0 0.0 0.0 0.0 0.0 0.0 
3 0.0 0.0 -0.6564020325018454 -1.256743102053845 0.0 1.9131451345556905 0.0 
3 0.0 0.0 -9.999999999999986 0.0 0.0 10.0 0.0 
3 0.0 -9.99999999999999 0.0 0.0 0.0 10.0 0.0 
3 0.0 0.0 0.0 0.0 0.0 0.0 0.0 
3 0.0 0.0 0.0 0.0 0.0 0.0 0.0 
3 0.0 0.0 0.0 -0.7699258112000166 0.0 0.7699258112000154 0.0 
3 0.0 0.0 0.0 -0.18789318115965425 0.0 1.447272328776191 -1.2593791476165341 
3 0.0 0.0 0.0 0.0 0.0 0.0 0.0 
3 0.0 0.0 0.0 0.0 0.0 0.0 0.0 
3 0.0 0.0 0.0 0.0 0.0 0.0 0.0 
3 0.0 0.0 -10.000000000000007 0.0 0.0 10.0 0.0 
3 0.0 -0.8996829210996755 0.0 0.0 0.0 0.8996829210996762 0.0 
3 -0.8892891835474697 -0.5287954914662676 -0.7897381905259921 -1.183100862466563 -0.7719837203707404 5.082539967412737 -0.919632519035709 
3 0.0 -10.000000000000018 0.0 0.0 0.0 10.0 0.0 
3 0.0 -9.999999999999991 0.0 0.0 0.0 10.0 0.0 
3 -0.04811260557851051 0.0 -0.0029275255508378942 -0.009616073845485748 0.0 0.13110968533212147 -0.0704534803572878 
3 0.0 0.0 0.0 0.0 -10.000000000000002 10.0 0.0 
3 0.0 0.0 0.0 0.0 0.0 0.0 0.0 
3 0.0 -9.999999999999988 0.0 0.0 0.0 10.0 0.0 
3 -0.6204762447787314 -0.47420532212807215 -0.5136653356064073 -0.510339601345911 -0.47604393297985864 3.176569726196206 -0.5818392893572261 
3 0.0 0.0 0.0 0.0 0.0 0.0 0.0 
3 0.0 0.0 0.0 0.0 0.0 0.0 0.0 
3 0.0 0.0 -3.435837449704396 0.0 -0.25143856754391153 3.6872760172483043 0.0 
3 -1.6304198742632288 0.0 -0.7560784761588405 -0.21483065148111355 -0.6714866332733596 4.182052576874052 -0.9092369416975074 
3 0.0 0.0 0.0 0.0 0.0 0.0 0.0 
3 0.0 0.0 0.0 0.0 0.0 0.0 0.0 
3 0.0 0.0 0.0 0.0 -0.6708890763919712 0.670889076391969 0.0 
3 -10.0 0.0 0.0 0.0 0.0 10.0 0.0 
3 0.0 0.0 0.0 0.0 -0.30208985534910104 0.4562252701297168 -0.1541354147806132 
3 -10.000000000000004 0.0 0.0 0.0 0.0 10.0 0.0 
3 0.0 0.0 -3.43021627286163 -4.346032464851441 -0.911200035970339 10.0 -1.3125512263165682 
3 0.0 -9.99999999999999 0.0 0.0 0.0 10.0 0.0 
3 0.0 0.0 0.0 0.0 0.0 0.0 0.0 
3 0.0 0.0 0.0 0.0 0.0 0.0 0.0 
3 0.0 0.0 -10.0 0.0 0.0 10.0 0.0 
3 -1.6819115342235036 0.0 -1.2985796368219125 -1.474301422803484 -0.5532885228857856 5.762009918030135 -0.7539288012954368 
3 0.0 0.0 0.0 0.0 0.0 0.0 0.0 
3 -0.1890629117176806 -0.09102444722554161 -0.16411620160980406 -0.1641835757026019 -0.17057800162602857 0.9661127607264939 -0.1871476228448377 
3 0.0 0.0 0.0 -0.1178575008739276 0.0 0.1178575008739276 0.0 
3 0.0 0.0 -9.999999999999996 0.0 0.0 10.0 0.0 
3 0.0 -10.0 0.0 0.0 0.0 10.0 0.0 
3 0.0 0.0 0.0 0.0 0.0 0.0 0.0 
3 0.0 0.0 0.0 0.0 0.0 1.2717304942791976E-15 0.0 
3 0.0 0.0 0.0 0.0 0.0 0.0 0.0 
3 0.0 0.0 0.0 0.0 0.0 0.0 0.0 
3 0.0 0.0 0.0 -9.999999999999996 0.0 10.0 0.0 
3 0.0 -7.987934816435457 -2.012065183564543 0.0 0.0 10.0 0.0 
3 0.0 -5.03624703593921 -4.963752964060794 0.0 0.0 10.0 0.0 
3 0.0 0.0 0.0 -0.021186008438931724 0.0 0.021186008438931724 0.0 
3 0.0 0.0 0.0 0.0 0.0 0.0 0.0 
3 0.0 0.0 0.0 0.0 0.0 0.0 0.0 
3 0.0 0.0 0.0 0.0 0.0 0.0 0.0 
3 -0.004292389062995709 -0.0017252417248845217 -0.015595592455038797 -6.874116737897536E-5 -0.0014107220832581336 0.02734061871945335 -0.004247932225897216 
3 0.0 0.0 -9.999999999999986 0.0 0.0 10.0 0.0 
3 0.0 0.0 0.0 0.0 0.0 0.0 0.0 
3 0.0 -10.0 0.0 0.0 0.0 10.0 0.0 
3 0.0 0.0 0.0 0.0 0.0 0.0 0.0 
3 0.0 -10.000000000000005 0.0 0.0 0.0 10.0 0.0 
3 -4.843208494655589E-5 0.0 -0.0018809335382900339 -7.235741037509237E-4 -4.981979866219181E-6 0.0044029399334145165 -0.0017450182265607837 
3 0.0 0.0 -9.999999999999998 0.0 0.0 10.0 0.0 
3 0.0 -9.999999999999979 0.0 0.0 0.0 10.0 0.0 
3 0.0 0.0 -10.000000000000005 0.0 0.0 10.0 0.0 
3 0.0 0.0 0.0 0.0 0.0 0.0 0.0 
3 0.0 0.0 0.0 0.0 0.0 0.0 0.0 
3 0.0 0.0 -0.004405318201365648 0.0 0.0 0.004405318201366143 0.0 
3 0.0 0.0 -0.0032376370285026952 0.0 0.0 0.00323763702850319 0.0 
3 -0.09300176458492578 0.0 0.0 0.0 -0.3306768060163744 0.42367857060129477 0.0 
3 -0.3814619081957575 -0.07408306179079747 -0.35612735823241426 -0.3133774117256004 -0.3706602625633798 1.794080434333655 -0.29837043182570205 
1 0.0 0.0 -9.999999999999986 0.0 0.0 0.0 10.0 
1 0.0 0.0 0.0 0.0 0.0 0.0 0.0 
1 0.0 0.0 0.0 0.0 -9.999999999999998 0.0 10.0 
1 0.0 -6.266759583068185 0.0 0.0 -3.733240416931817 0.0 10.0 
1 0.0 0.0 -9.999999999999995 0.0 0.0 0.0 10.0 
1 0.0 0.0 -10.000000000000004 0.0 0.0 0.0 10.0 
1 -0.5598499017032172 -0.12757518172126214 -1.0254711554183695 0.0 -0.8995015698006702 -0.6991698662606592 3.3115676749041785 
1 0.0 0.0 0.0 -1.034914631791105 0.0 0.0 1.034914631791106 
1 0.0 0.0 -10.000000000000014 0.0 0.0 0.0 10.0 
1 0.0 0.0 0.0 0.0 0.0 0.0 1.8590099416702325E-15 
1 -3.5935810928551075 -3.057160469376236 0.0 0.0 -1.1734715253403538 -2.175786912428305 10.0 
1 0.0 0.0 0.0 0.0 -10.000000000000018 0.0 10.0 
1 0.0 0.0 0.0 0.0 -10.000000000000007 0.0 10.0 
1 0.0 0.0 0.0 0.0 0.0 0.0 0.0 
1 0.0 0.0 -8.924899015683447 0.0 0.0 -1.0751009843165626 10.0 
1 0.0 0.0 0.0 0.0 0.0 0.0 0.0 
1 0.0 0.0 0.0 0.0 0.0 0.0 0.0 
1 0.0 0.0 0.0 0.0 0.0 0.0 0.0 
1 0.0 0.0 0.0 -0.8962115299045097 0.0 -9.103788470095461 10.0 
1 0.0 -2.9153838718357696 0.0 -0.08639157451437793 0.0 0.0 3.0017754463501336 
1 0.0 0.0 0.0 0.0 0.0 0.0 0.0 
1 -0.031555621782451033 0.0 0.0 -0.03789882572950178 -0.011988195195084261 -0.06575905394656097 0.14720169665359714 
1 0.0 0.0 0.0 0.0 -9.999999999999986 0.0 10.0 
1 0.0 0.0 0.0 0.0 -10.0 0.0 10.0 
1 0.0 0.0 0.0 0.0 0.0 0.0 0.0 
1 0.0 0.0 0.0 0.0 0.0 0.0 -1.290663701393041E-14 
1 0.0 0.0 0.0 -10.000000000000004 0.0 0.0 10.0 
1 0.0 -9.999999999999998 0.0 0.0 0.0 0.0 10.0 
1 0.0 0.0 0.0 0.0 0.0 0.0 0.0 
1 0.0 0.0 0.0 0.0 0.0 0.0 0.0 
1 0.0 0.0 -10.000000000000002 0.0 0.0 0.0 10.0 
1 0.0 0.0 0.0 0.0 0.0 0.0 0.0 
1 0.0 0.0 0.0 0.0 0.0 0.0 0.0 
1 0.0 0.0 0.0 0.0 0.0 0.0 0.0 
1 -0.34069409861890004 -0.07851055807954538 -0.17851943159981773 -0.2837942968348129 -0.2335724580510134 -0.24568455202113862 1.3607753952052264 
1 0.0 0.0 0.0 0.0 0.0 0.0 0.0 
1 -0.227786138861469 -0.08379523002717874 -0.10196052372708518 -0.1851042569658168 -0.12742368297925408 -0.1692154349601878 0.8952852675209934 
1 0.0 0.0 -10.0 0.0 0.0 0.0 10.0 
1 0.0 0.0 -10.000000000000009 0.0 0.0 0.0 10.0 
1 0.0 0.0 0.0 0.0 0.0 0.0 0.0 
1 -4.9416168187497265 -1.132843090845693 0.0 -3.925540090404583 0.0 0.0 10.0 
1 0.0 0.0 0.0 0.0 0.0 0.0 0.0 
1 0.0 0.0 0.0 0.0 0.0 0.0 0.0 
1 0.0 0.0 0.0 0.0 0.0 0.0 0.0 
1 0.0 0.0 0.0 0.0 0.0 0.0 0.0 
1 0.0 0.0 0.0 0.0 -10.000000000000002 0.0 10.0 
1 0.0 0.0 0.0 0.0 0.0 0.0 0.0 
1 0.0 -7.281994788451546 0.0 0.0 -2.718005211548451 0.0 10.0 
1 0.0 0.0 0.0 0.0 0.0 0.0 0.0 
1 0.0 0.0 0.0 0.0 0.0 0.0 0.0 
1 0.0 0.0 0.0 0.0 -8.742675038256383 -1.2573249617436257 10.0 
1 0.0 -5.074192073853746E-6 0.0 0.0 -9.999994925807927 0.0 10.0 
1 0.0 -6.564788385332137 0.0 0.0 -3.4352116146678746 0.0 10.0 
1 0.0 0.0 0.0 0.0 0.0 0.0 0.0 
1 0.0 0.0 0.0 0.0 0.0 0.0 0.0 
1 0.0 0.0 0.0 0.0 0.0 0.0 0.0 
1 0.0 0.0 -10.000000000000002 0.0 0.0 0.0 10.0 
1 0.0 0.0 -10.0 0.0 0.0 0.0 10.0 
1 0.0 0.0 0.0 0.0 0.0 0.0 0.0 
1 0.0 0.0 -10.000000000000004 0.0 0.0 0.0 10.0 
1 -10.0 0.0 0.0 0.0 0.0 0.0 10.0 
1 0.0 -10.0 0.0 0.0 0.0 0.0 10.0 
1 0.0 0.0 -9.999999999999993 0.0 0.0 0.0 10.0 
1 0.0 0.0 -10.000000000000005 0.0 0.0 0.0 10.0 
1 0.0 0.0 -10.000000000000002 0.0 0.0 0.0 10.0 
1 -9.999999999999996 0.0 0.0 0.0 0.0 0.0 10.0 
1 0.0 0.0 0.0 0.0 -9.999999999999998 0.0 10.0 
1 0.0 0.0 0.0 0.0 0.0 0.0 6.825028904463487E-15 
1 0.0 0.0 0.0 0.0 0.0 0.0 0.0 
1 0.0 0.0 -9.377841285243015 0.0 0.0 -0.6221587147569694 10.0 
1 0.0 0.0 0.0 0.0 0.0 -10.000000000000004 10.0 
1 0.0 0.0 0.0 0.0 0.0 0.0 0.0 
1 0.0 0.0 0.0 -10.000000000000004 0.0 0.0 10.0 
1 0.0 0.0 0.0 0.0 0.0 0.0 0.0 
1 0.0 0.0 -9.99999999999997 0.0 0.0 0.0 10.0 
1 0.0 0.0 0.0 0.0 0.0 0.0 0.0 
1 0.0 0.0 0.0 0.0 0.0 0.0 0.0 
1 0.0 0.0 0.0 0.0 0.0 0.0 0.0 
1 0.0 0.0 0.0 0.0 0.0 0.0 -8.218465122204236E-16 
1 -3.4956397727266273 -1.0069818624545588 0.0 -0.42944063595414056 -3.683407240583066 -0.6298016223153116 9.245271134033725 
1 0.0 0.0 0.0 0.0 0.0 0.0 0.0 
1 0.0 -10.000000000000004 0.0 0.0 0.0 0.0 10.0 
1 0.0 0.0 0.0 -1.5986607084085886 -8.40133929159141 0.0 10.0 
1 0.0 0.0 0.0 0.0 0.0 0.0 0.0 
1 -0.0015048609103774826 -0.002528724629218822 -0.0014212557546043232 0.0 -0.009033344724693498 -0.0023444907595402214 0.016832676778434943 
1 0.0 0.0 0.0 0.0 0.0 0.0 0.0 
1 0.0 0.0 0.0 0.0 0.0 0.0 0.0 
1 0.0 0.0 0.0 0.0 0.0 0.0 0.0 
1 0.0 0.0 -9.999999999999996 0.0 0.0 0.0 10.0 
1 0.0 0.0 0.0 0.0 0.0 0.0 -1.0457509534916732E-14 
1 0.0 0.0 -10.0 0.0 0.0 0.0 10.0 
1 -0.21127429384238286 0.0 -9.134660696228911 -0.6540650099287052 0.0 0.0 10.0 
1 0.0 0.0 0.0 0.0 0.0 0.0 0.0 
1 -1.37808905138347 0.0 0.0 0.0 -6.038314596334555 -2.583596352281975 10.0 
1 -0.7873229316252804 0.0 0.0 0.0 0.0 0.0 0.7873229316252812 
1 0.0 0.0 0.0 0.0 0.0 0.0 0.0 
1 0.0 0.0 -9.937992048559437 0.0 0.0 -0.06200795144054508 10.0 
1 -0.2309697374944121 -0.07990078827201538 -0.10055435322873094 -0.185719281211405 -0.13672155591611745 -0.1733410695279119 0.9072067856505918 
1 0.0 0.0 0.0 0.0 0.0 0.0 0.0 
1 0.0 -3.1778472826839574 -6.822152717316047 0.0 0.0 0.0 10.0 
1 -0.3643534022800467 -0.11835300257948557 -0.1860751846945272 -0.3129755080462155 -0.23271619122727258 -0.29967383148072824 1.5141471203082744 
1 0.0 0.0 -9.999999999999998 0.0 0.0 0.0 10.0 
1 -0.22890650841704707 -0.0964811909987165 -0.09635340531463674 -0.18230973453545277 -0.1355842799005668 -0.1688100022116143 0.908445121378033 
1 0.0 -0.07125477425685524 -1.282430467509501 -1.4159789194498968 0.0 0.0 2.7696641612162574 
1 0.0 0.0 0.0 0.0 0.0 0.0 0.0 
1 0.0 0.0 0.0 0.0 0.0 0.0 0.0 
1 -0.0712653316104572 0.0 -9.692475877988846 -0.2362587904006968 0.0 0.0 10.0 
1 0.0 -0.0012109618523303434 -0.0031878624718132214 0.0 0.0 0.0 0.00439882432414436 
1 0.0 0.0 0.0 0.0 -9.999999999999993 0.0 10.0 
1 -0.23860720391854626 -0.10525904500977318 -0.12472839603428197 -0.20283471028212696 -0.161642738921664 -0.19832441062808 1.031396504794471 
1 0.0 -7.6253886956873025 0.0 -2.3746113043126935 0.0 0.0 10.0 
1 0.0 0.0 0.0 0.0 0.0 0.0 0.0 
1 0.0 0.0 0.0 0.0 0.0 0.0 0.0 
1 0.0 0.0 0.0 0.0 0.0 0.0 0.0 
1 0.0 0.0 -5.800969808605551 0.0 0.0 -4.199030191394438 10.0 
1 0.0 0.0 0.0 0.0 0.0 0.0 0.0 
1 0.0 0.0 0.0 0.0 0.0 0.0 0.0 
1 0.0 0.0 0.0 0.0 -10.0 0.0 10.0 
1 0.0 0.0 0.0 0.0 0.0 0.0 0.0 
1 0.0 0.0 0.0 0.0 0.0 0.0 0.0 
1 0.0 0.0 -9.99999999999999 0.0 0.0 0.0 10.0 
1 0.0 0.0 0.0 0.0 0.0 0.0 0.0 
1 0.0 0.0 0.0 0.0 0.0 0.0 0.0 
1 0.0 0.0 -10.000000000000005 0.0 0.0 0.0 10.0 
1 0.0 0.0 0.0 0.0 0.0 0.0 0.0 
1 0.0 0.0 0.0 0.0 0.0 0.0 0.0 
1 0.0 0.0 0.0 0.0 -9.999999999999993 0.0 10.0 
1 0.0 0.0 0.0 0.0 -8.758077818315408 0.0 8.758077818315408 
1 0.0 0.0 0.0 0.0 -9.999999999999996 0.0 10.0 
1 -2.6832309037076984E-4 -0.004822846953506134 0.0 0.0 0.0 0.0 0.005091170043877102 
1 0.0 -10.000000000000005 0.0 0.0 0.0 0.0 10.0 
1 0.0 0.0 0.0 0.0 0.0 0.0 0.0 
1 0.0 0.0 0.0 0.0 0.0 0.0 4.608735723152819E-15 
1 -9.103078965803969E-4 -0.008538217571981506 -7.884208568896601E-4 0.0 -8.582728646397291E-5 -7.155505460994036E-4 0.011038324158015833 
1 0.0 0.0 -10.0 0.0 0.0 0.0 10.0 
1 0.0 0.0 -9.999999999999993 0.0 0.0 0.0 10.0 
1 0.0 0.0 0.0 0.0 -10.000000000000021 0.0 10.0 
1 0.0 0.0 0.0 0.0 0.0 0.0 0.0 
1 0.0 -0.5240135045479603 -0.6371248808423159 -0.951056287916354 -0.7641960626169424 -0.9090525783783042 3.785443314301877 
