2 0.0 0.0 0.0 0.0 0.0 0.0 0.0 
2 10.0 -9.999999999999988 0.0 0.0 0.0 0.0 0.0 
2 10.0 0.0 -9.999999999999993 0.0 0.0 0.0 0.0 
2 10.0 -10.0 0.0 0.0 0.0 0.0 0.0 
2 10.0 -9.999999999999988 0.0 0.0 0.0 0.0 0.0 
2 0.0 0.0 0.0 0.0 0.0 0.0 0.0 
2 10.0 0.0 -10.000000000000009 0.0 0.0 0.0 0.0 
2 10.0 -9.999999999999998 0.0 0.0 0.0 0.0 0.0 
2 0.0 0.0 0.0 0.0 0.0 0.0 0.0 
2 0.0 0.0 0.0 0.0 0.0 0.0 0.0 
2 0.0 0.0 0.0 0.0 0.0 0.0 0.0 
2 10.0 -10.000000000000007 0.0 0.0 0.0 0.0 0.0 
2 8.695457573300988 0.0 0.0 0.0 0.0 -8.695457573300999 0.0 
2 10.0 -9.999999999999982 0.0 0.0 0.0 0.0 0.0 
2 10.0 0.0 -2.667076435975546 0.0 -5.079497098496568 0.0 -2.253426465527901 
2 10.0 -9.999999999999995 0.0 0.0 0.0 0.0 0.0 
2 0.0 0.0 0.0 0.0 0.0 0.0 0.0 
2 0.0 0.0 0.0 0.0 0.0 0.0 0.0 
2 0.0 0.0 0.0 0.0 0.0 0.0 0.0 
2 10.0 0.0 0.0 0.0 -10.0 0.0 0.0 
2 10.0 -10.00000000000001 0.0 0.0 0.0 0.0 0.0 
2 10.0 0.0 0.0 0.0 0.0 0.0 -9.999999999999996 
2 0.0 0.0 0.0 0.0 0.0 0.0 0.0 
2 0.0 0.0 0.0 0.0 0.0 0.0 0.0 
2 0.0 0.0 0.0 0.0 0.0 0.0 0.0 
2 0.0 0.0 0.0 0.0 0.0 0.0 0.0 
2 10.0 0.0 0.0 -10.000000000000002 0.0 0.0 0.0 
2 0.0 0.0 0.0 0.0 0.0 0.0 0.0 
2 0.0 0.0 0.0 0.0 0.0 0.0 0.0 
2 10.0 0.0 0.0 0.0 -9.999999999999988 0.0 0.0 
2 10.0 -9.99999999999999 0.0 0.0 0.0 0.0 0.0 
2 0.0 0.0 0.0 0.0 0.0 0.0 0.0 
2 10.0 0.0 0.0 0.0 0.0 -10.0 0.0 
2 10.0 -4.000400568025559 0.0 -5.999599431974439 0.0 0.0 0.0 
2 10.0 0.0 0.0 0.0 -10.000000000000009 0.0 0.0 
2 0.0 0.0 0.0 0.0 0.0 0.0 0.0 
2 10.0 0.0 0.0 0.0 0.0 -9.999999999999996 0.0 
2 10.0 0.0 -3.921260368182274 -6.078739631817723 0.0 0.0 0.0 
2 10.0 0.0 -10.000000000000002 0.0 0.0 0.0 0.0 
2 10.0 -9.999999999999995 0.0 0.0 0.0 0.0 0.0 
2 4.838075733818141 0.0 -2.3037098801137392 0.0 -0.6542587005458379 -1.0615335576632705 -0.8185735954953188 
2 0.0 0.0 0.0 0.0 0.0 0.0 0.0 
2 10.0 -9.999999999999995 0.0 0.0 0.0 0.0 0.0 
2 9.538187054047654 0.0 -9.538187054047654 0.0 0.0 0.0 0.0 
2 10.0 0.0 0.0 -10.000000000000018 0.0 0.0 0.0 
2 10.0 0.0 0.0 -10.000000000000002 0.0 0.0 0.0 
2 0.0 0.0 0.0 0.0 0.0 0.0 0.0 
2 10.0 0.0 0.0 -10.000000000000007 0.0 0.0 0.0 
2 10.0 0.0 0.0 0.0 0.0 -10.000000000000005 0.0 
2 0.0 0.0 0.0 0.0 0.0 0.0 0.0 
2 0.0 0.0 0.0 0.0 0.0 0.0 0.0 
2 10.0 -10.000000000000007 0.0 0.0 0.0 0.0 0.0 
2 0.0 0.0 0.0 0.0 0.0 0.0 0.0 
2 10.0 -10.000000000000005 0.0 0.0 0.0 0.0 0.0 
2 0.0 0.0 0.0 0.0 0.0 0.0 0.0 
2 0.0 0.0 0.0 0.0 0.0 0.0 0.0 
2 10.0 0.0 -9.999999999999995 0.0 0.0 0.0 0.0 
2 10.0 0.0 -9.999999999999996 0.0 0.0 0.0 0.0 
2 0.0 0.0 0.0 0.0 0.0 0.0 0.0 
2 10.0 0.0 -10.00000000000001 0.0 0.0 0.0 0.0 
2 3.3584830859984436 -3.3584830859984436 0.0 0.0 0.0 0.0 0.0 
2 0.0 0.0 0.0 0.0 0.0 0.0 0.0 
2 10.0 0.0 -9.999999999999996 0.0 0.0 0.0 0.0 
2 10.0 0.0 -9.999999999999995 0.0 0.0 0.0 0.0 
2 10.0 0.0 0.0 -9.999999999999993 0.0 0.0 0.0 
2 10.0 0.0 0.0 0.0 0.0 -9.999999999999988 0.0 
2 0.0 0.0 0.0 0.0 0.0 0.0 0.0 
2 10.0 0.0 0.0 0.0 -9.999999999999996 0.0 0.0 
2 10.0 -9.999999999999991 0.0 0.0 0.0 0.0 0.0 
2 0.0 0.0 0.0 0.0 0.0 0.0 0.0 
2 0.0 0.0 0.0 0.0 0.0 0.0 0.0 
2 0.0 0.0 0.0 0.0 0.0 0.0 0.0 
2 0.0 0.0 0.0 0.0 0.0 0.0 0.0 
2 4.999420837102355 0.0 0.0 -0.8606031799567614 -2.4952479336547757 -0.03873812948607233 -1.604831594004746 
2 0.0 0.0 0.0 0.0 0.0 0.0 0.0 
2 8.424050316303239 0.0 0.0 0.0 -5.032279138558456 -2.0722583383319253 -1.3195128394128588 
2 0.0 0.0 0.0 0.0 0.0 0.0 0.0 
2 0.0 0.0 0.0 0.0 0.0 0.0 0.0 
2 10.0 0.0 -10.000000000000004 0.0 0.0 0.0 0.0 
2 10.0 0.0 0.0 -9.999999999999996 0.0 0.0 0.0 
2 0.0 0.0 0.0 0.0 0.0 0.0 0.0 
2 3.6731033682517493 -3.388447496825274 0.0 0.0 0.0 0.0 -0.2846558714264763 
2 10.0 0.0 -9.999999999999995 0.0 0.0 0.0 0.0 
2 0.0 0.0 0.0 0.0 0.0 0.0 0.0 
2 10.0 -10.000000000000002 0.0 0.0 0.0 0.0 0.0 
2 10.0 0.0 0.0 -4.224216335688969 -5.775783664311035 0.0 0.0 
2 10.0 0.0 -9.999999999999996 0.0 0.0 0.0 0.0 
2 1.1248394422367551 -0.13558275954268464 -0.15167403885580666 -0.20765707076215995 -0.20516014559195145 -0.18686427211735834 -0.2379011553667935 
2 10.0 0.0 -10.000000000000002 0.0 0.0 0.0 0.0 
2 10.0 -10.000000000000009 0.0 0.0 0.0 0.0 0.0 
0 0.0 4.723482085360551 0.0 -4.7234820853605495 0.0 0.0 0.0 
0 0.0 10.0 -0.45951548034680584 0.0 -6.11190158470052 -3.428582934952673 0.0 
0 0.0 10.0 -10.000000000000002 0.0 0.0 0.0 0.0 
0 0.0 -4.859915893962275E-16 0.0 0.0 0.0 0.0 0.0 
0 -1.4307187736011475 7.29117477228951 -0.540101224010607 -0.2696100645570532 -2.9302309127797015 0.0 -2.1205137973409913 
0 0.0 0.0 0.0 0.0 0.0 0.0 0.0 
0 0.0 0.0 0.0 0.0 0.0 0.0 0.0 
0 0.0 10.0 -5.599951841097162 0.0 -4.400048158902851 0.0 0.0 
0 0.0 10.0 0.0 0.0 -4.622779475490305 -0.6798882486758613 -4.697332275833811 
0 0.0 10.0 0.0 0.0 -9.999999999999998 0.0 0.0 
0 0.0 0.0 0.0 0.0 0.0 0.0 0.0 
0 0.0 0.0 0.0 0.0 0.0 0.0 0.0 
0 0.0 10.0 -10.0 0.0 0.0 0.0 0.0 
0 -9.491679352562176 10.0 0.0 0.0 0.0 0.0 -0.5083206474378309 
0 -1.3746974854696297 2.1599126674243996 0.0 0.0 0.0 -0.7852151819547529 0.0 
0 -0.24303121089900964 1.3210349158762738 -0.44093761745760435 -0.030938032219519167 -0.17548086198649007 -0.38143143402702645 -0.04921575928662353 
0 0.0 0.0 0.0 0.0 0.0 0.0 0.0 
0 0.0 0.0 0.0 0.0 0.0 0.0 0.0 
0 0.0 0.10655586131080762 0.0 0.0 0.0 0.0 -0.10655586131080641 
0 0.0 10.0 0.0 0.0 0.0 -10.000000000000018 0.0 
0 0.0 10.0 -4.428962567438308 0.0 -5.571037432561687 0.0 0.0 
0 0.0 10.0 -9.999999999999998 0.0 0.0 0.0 0.0 
0 0.0 0.0 0.0 0.0 0.0 0.0 0.0 
0 0.0 0.0 0.0 0.0 0.0 0.0 0.0 
0 0.0 10.0 0.0 0.0 -0.0028027638032928352 -7.61226008144743 -2.384937154749277 
0 -0.13525836405129818 0.8414225988742504 -0.13800562476855477 -0.15264185218959098 -0.12353648994634203 -0.10771475343568565 -0.18426551448277845 
0 0.0 0.0 0.0 0.0 0.0 0.0 0.0 
0 0.0 6.613566437895641E-15 0.0 0.0 0.0 0.0 0.0 
0 -0.6452629590756515 0.6452629590756569 0.0 0.0 0.0 0.0 0.0 
0 0.0 0.0 0.0 0.0 0.0 0.0 0.0 
0 0.0 0.0 0.0 0.0 0.0 0.0 0.0 
0 0.0 0.0 0.0 0.0 0.0 0.0 0.0 
0 -0.0886928003856207 0.6346134826610172 -0.1012049625738096 -0.12424422001840947 -0.09566036362630818 -0.07127816311785773 -0.15353297293901116 
0 -9.998264886578486 9.998264886578486 0.0 0.0 0.0 0.0 0.0 
0 0.0 0.0 0.0 0.0 0.0 0.0 0.0 
0 0.0 10.0 0.0 -10.000000000000005 0.0 0.0 0.0 
0 0.0 10.0 0.0 0.0 0.0 -9.999999999999998 0.0 
0 -5.350061253870349 5.548867654232223 0.0 0.0 0.0 0.0 -0.19880640036187436 
0 0.0 0.0 0.0 0.0 0.0 0.0 0.0 
0 0.0 0.0 0.0 0.0 0.0 0.0 0.0 
0 -9.99999999999999 10.0 0.0 0.0 0.0 0.0 0.0 
0 0.0 0.0 0.0 0.0 0.0 0.0 0.0 
0 -9.99999999999999 10.0 0.0 0.0 0.0 0.0 0.0 
0 -5.536547244048414 10.0 0.0 0.0 0.0 0.0 -4.463452755951595 
0 0.0 10.0 0.0 -9.912768941169345 0.0 0.0 -0.08723105883064641 
0 -3.820933400933048E-4 0.0061148556112897495 0.0 -1.2254855736683904E-4 -0.0020029163013300703 -2.661451880922985E-4 -0.0033411522244079332 
0 -6.634715066978805 10.0 -3.0463707128094186 0.0 0.0 0.0 -0.31891422021177657 
0 0.0 0.0 0.0 0.0 0.0 0.0 0.0 
0 0.0 0.0 0.0 0.0 0.0 0.0 0.0 
0 0.0 0.0 0.0 0.0 0.0 0.0 0.0 
0 -0.7318090245166933 0.9899847189569665 0.0 0.0 0.0 0.0 -0.25817569444026983 
0 -0.4308161248269488 2.611595312716462 -0.4467994284279183 -0.4750443929582984 -0.37364645483708125 -0.3166247250840997 -0.5686641865821153 
0 -1.8570604151449714 2.5310618837987016 0.0 0.0 0.0 0.0 -0.6740014686537927 
0 0.0 10.0 0.0 0.0 0.0 -9.999999999999996 0.0 
0 0.0 10.0 0.0 -0.7944563596777624 0.0 0.0 -9.205543640322219 
0 0.0 0.6742876647667243 -0.6742876647667303 0.0 0.0 0.0 0.0 
0 0.0 0.0 0.0 0.0 0.0 0.0 0.0 
0 0.0 0.0 0.0 0.0 0.0 0.0 0.0 
0 -5.087281826509905 10.0 -0.23703317667311477 -1.2592943228519151 -1.3335592340778804 -0.6456529257963758 -1.4371785140908175 
0 0.0 0.0 0.0 0.0 0.0 0.0 0.0 
0 0.0 4.236789212184747 0.0 -1.1758298111619983 -2.5655812449296413 0.0 -0.4953781560931071 
0 0.0 0.5091193661863176 0.0 0.0 0.0 -0.5091193661863166 0.0 
0 0.0 10.0 -7.001072426467502 0.0 0.0 -2.9989275735325136 0.0 
0 0.0 0.0 0.0 0.0 0.0 0.0 0.0 
0 0.0 0.0 0.0 0.0 0.0 0.0 0.0 
0 0.0 -7.12847284642427E-16 0.0 0.0 0.0 0.0 0.0 
0 0.0 1.5145700821668382E-14 0.0 0.0 0.0 0.0 0.0 
0 0.0 10.0 -9.999999999999986 0.0 0.0 0.0 0.0 
0 0.0 10.0 0.0 0.0 -9.999999999999996 0.0 0.0 
0 0.0 6.4376350334017545 0.0 -1.1835957105129062 0.0 -5.2540393228888425 0.0 
0 0.0 10.0 -7.808555620114765 0.0 0.0 0.0 -2.1914443798852448 
0 0.0 1.2433265346455625E-15 0.0 0.0 0.0 0.0 0.0 
0 0.0 10.0 0.0 -0.04900274790683765 -9.950997252093162 0.0 0.0 
0 -10.00000000000001 10.0 0.0 0.0 0.0 0.0 0.0 
0 0.0 0.0 0.0 0.0 0.0 0.0 0.0 
0 0.0 -4.669033096184481E-15 0.0 0.0 0.0 0.0 0.0 
0 0.0 0.0 0.0 0.0 0.0 0.0 0.0 
0 0.0 0.0 0.0 0.0 0.0 0.0 0.0 
0 -7.648097765538108 9.949592522597884 0.0 0.0 0.0 0.0 -2.3014947570597344 
0 0.0 10.0 0.0 -8.477462946246057 0.0 -1.5225370537538947 0.0 
0 0.0 10.0 -10.0 0.0 0.0 0.0 0.0 
0 0.0 5.189295724958904E-15 0.0 0.0 0.0 0.0 0.0 
0 0.0 0.0 0.0 0.0 0.0 0.0 0.0 
0 0.0 0.0 0.0 0.0 0.0 0.0 0.0 
0 -7.524361308775266 9.969057704232034 0.0 0.0 0.0 0.0 -2.4446963954567886 
0 0.0 1.0598408780011597 -1.0598408780011719 0.0 0.0 0.0 0.0 
0 0.0 10.0 0.0 0.0 0.0 -10.000000000000005 0.0 
0 -1.5467159656228016 10.0 -6.8314020162524205 0.0 0.0 0.0 -1.6218820181247313 
0 0.0 5.517272846914222 0.0 0.0 0.0 -5.517272846914222 0.0 
0 0.0 0.0 0.0 0.0 0.0 0.0 0.0 
0 -6.270279380710944E-5 0.006202575486535234 0.0 -1.7988611090268716E-4 -0.001274600578713183 -0.003865400140138278 -8.199858629743749E-4 
0 0.0 10.0 0.0 0.0 0.0 -10.000000000000004 0.0 
0 0.0 10.0 -10.000000000000007 0.0 0.0 0.0 0.0 
0 0.0 10.0 0.0 0.0 0.0 0.0 -10.000000000000004 
0 -2.2615284943540273 3.4638242852504435 0.0 0.0 0.0 0.0 -1.202295790896416 
0 0.0 0.0 0.0 0.0 0.0 0.0 0.0 
0 -4.296727076727152 10.0 -0.11619139699530204 -0.5257506014020413 -1.137910058698679 -0.7661305550499973 -3.1572903111268125 
0 0.0 0.0 0.0 0.0 0.0 0.0 0.0 
0 0.0 10.0 -10.000000000000023 0.0 0.0 0.0 0.0 
0 0.0 0.0 0.0 0.0 0.0 0.0 0.0 
0 0.0 -7.033549656850739E-15 0.0 0.0 0.0 0.0 0.0 
0 0.0 0.0 0.0 0.0 0.0 0.0 0.0 
0 0.0 10.0 0.0 -8.29672945620565 0.0 0.0 -1.7032705437942803 
0 0.0 10.0 0.0 0.0 0.0 -10.0 0.0 
0 0.0 10.0 0.0 0.0 0.0 -9.999999999999998 0.0 
0 -0.13961026107739477 0.9687689026941753 -0.14831425818434382 -0.17571324040759762 -0.1654969118930829 -0.1433434157998683 -0.1962908153318874 
0 0.0 10.0 0.0 0.0 0.0 -10.000000000000005 0.0 
0 0.0 0.0 0.0 0.0 0.0 0.0 0.0 
0 0.0 10.0 0.0 0.0 0.0 -10.000000000000009 0.0 
0 0.0 0.0 0.0 0.0 0.0 0.0 0.0 
0 0.0 0.0 0.0 0.0 0.0 0.0 0.0 
0 0.0 0.0 0.0 0.0 0.0 0.0 0.0 
0 0.0 0.0 0.0 0.0 0.0 0.0 0.0 
0 0.0 0.0 0.0 0.0 0.0 0.0 0.0 
0 0.0 0.0 0.0 0.0 0.0 0.0 0.0 
0 0.0 10.0 -9.999999999999998 0.0 0.0 0.0 0.0 
0 -0.5145712745133948 10.0 0.0 -9.48542872548652 0.0 0.0 0.0 
0 0.0 0.0 0.0 0.0 0.0 0.0 0.0 
0 0.0 0.0 0.0 0.0 0.0 0.0 0.0 
0 0.0 0.0 0.0 0.0 0.0 0.0 0.0 
0 0.0 10.0 0.0 0.0 0.0 -9.514279557621267 -0.4857204423787298 
0 0.0 0.0 0.0 0.0 0.0 0.0 0.0 
0 0.0 10.0 0.0 0.0 0.0 -9.999999999999993 0.0 
0 0.0 0.0 0.0 0.0 0.0 0.0 0.0 
0 0.0 0.0 0.0 0.0 0.0 0.0 0.0 
0 0.0 5.635308068616288 -0.9867634918339333 -0.1433689660038358 -3.3654683776307737 0.0 -1.139707233147701 
0 -0.8614190951705311 2.181122340436606 0.0 -0.46543287633542885 -0.8542703689306459 0.0 0.0 
0 0.0 1.1388346569255525 0.0 0.0 -1.1388346569255512 0.0 0.0 
0 0.0 0.0 0.0 0.0 0.0 0.0 0.0 
0 -0.11279007554646632 3.81495506104584 -0.027087063702238175 -0.4490909824429517 -0.5597899245254646 -2.3683367891645153 -0.2978602256642029 
0 0.0 10.0 0.0 0.0 0.0 -10.0 0.0 
0 0.0 3.355800738681701 0.0 0.0 0.0 -3.355800738681701 0.0 
0 0.0 0.0 0.0 0.0 0.0 0.0 0.0 
0 -0.9173898960797778 2.5365240712267787 0.0 0.0 -1.6191341751469936 0.0 0.0 
0 0.0 0.0 0.0 0.0 0.0 0.0 0.0 
0 0.0 -1.3575369031826333E-14 0.0 0.0 0.0 0.0 0.0 
0 0.0 0.0 0.0 0.0 0.0 0.0 0.0 
0 0.0 10.0 -1.8398826880899526 -4.279575262576776 -1.235901080948031 -0.9854456571805268 -1.6591953112047106 
0 -2.24820529478909 3.222641111494198 -0.6683999458360873 0.0 -0.3060358708690171 0.0 0.0 
0 0.0 0.0 0.0 0.0 0.0 0.0 0.0 
0 0.0 0.0 0.0 0.0 0.0 0.0 0.0 
0 0.0 0.0 0.0 0.0 0.0 0.0 0.0 
0 0.0 10.0 0.0 0.0 0.0 -10.0 0.0 
0 0.0 -9.888601189314325E-16 0.0 0.0 0.0 0.0 0.0 
0 -2.5367991225833926 9.658071001874033 0.0 0.0 -6.737114047979155 -0.38415783131147746 0.0 
0 0.0 0.0 0.0 0.0 0.0 0.0 0.0 
0 0.0 0.0 0.0 0.0 0.0 0.0 0.0 
0 0.0 0.0 0.0 0.0 0.0 0.0 0.0 
0 -6.347076590027263 10.0 0.0 0.0 -3.6529234099727383 0.0 0.0 
0 0.0 0.0 0.0 0.0 0.0 0.0 0.0 
0 -3.216683294434514 10.0 0.0 0.0 -6.783316705565482 0.0 0.0 
0 0.0 10.0 -9.283385634257268 0.0 0.0 -0.7166143657427236 0.0 
0 0.0 1.7900531495139715E-15 0.0 0.0 0.0 0.0 0.0 
0 0.0 1.5970046989429079 -0.08882276275759979 -1.4163845243156912 0.0 -0.09179741186961805 0.0 
0 -1.1966940469727476 2.5143422327468192 0.0 -0.9629381262647119 0.0 0.0 -0.3547100595093581 
0 0.0 10.0 0.0 0.0 0.0 0.0 -9.999999999999993 
0 -10.00000000000001 10.0 0.0 0.0 0.0 0.0 0.0 
0 0.0 0.0 0.0 0.0 0.0 0.0 0.0 
0 0.0 0.0 0.0 0.0 0.0 0.0 0.0 
0 0.0 5.558182364737134E-15 0.0 0.0 0.0 0.0 0.0 
0 0.0 10.0 0.0 0.0 0.0 -10.000000000000005 0.0 
0 0.0 10.0 0.0 0.0 0.0 -10.000000000000012 0.0 
0 0.0 10.0 0.0 -9.999999999999998 0.0 0.0 0.0 
0 0.0 10.0 0.0 0.0 -9.999999999999998 0.0 0.0 
0 0.0 10.0 0.0 -10.000000000000004 0.0 0.0 0.0 
0 0.0 0.0 0.0 0.0 0.0 0.0 0.0 
0 0.0 10.0 0.0 -10.0 0.0 0.0 0.0 
0 0.0 0.0 0.0 0.0 0.0 0.0 0.0 
0 0.0 0.0 0.0 0.0 0.0 0.0 0.0 
0 0.0 0.0 0.0 0.0 0.0 0.0 0.0 
0 -6.535446292650831E-4 0.004802997983666475 -7.88050243328967E-5 0.0 0.0 -0.003867980870808991 -2.0266745925970363E-4 
0 -0.013061642511081228 0.11188118287786426 -0.015852307323019812 -0.02166797473379159 -0.020651314835370433 -0.014798597784179001 -0.025849345690421188 
0 0.0 0.0 0.0 0.0 0.0 0.0 0.0 
0 0.0 1.5308365156139332 0.0 -1.2507618646324412 -0.2800746509814918 0.0 0.0 
0 -2.256718875248766 10.0 -3.172381172951811 0.0 0.0 0.0 -4.5708999517994116 
0 0.0 0.0 0.0 0.0 0.0 0.0 0.0 
0 0.0 0.0 0.0 0.0 0.0 0.0 0.0 
0 0.0 0.0 0.0 0.0 0.0 0.0 0.0 
0 0.0 2.4828348044396704 -0.5975619534667718 -0.6482164343990287 -0.5040119354215521 -0.48092021656742007 -0.2521242645848986 
0 0.0 0.0 0.0 0.0 0.0 0.0 0.0 
0 0.0 0.0 0.0 0.0 0.0 0.0 0.0 
0 0.0 10.0 0.0 0.0 -10.000000000000014 0.0 0.0 
0 -0.13504068198551739 0.8421955630338643 -0.13814504357423568 -0.15280250362326364 -0.12389091301978178 -0.10830299741416531 -0.18401342341690097 
0 0.0 10.0 0.0 0.0 -10.000000000000002 0.0 0.0 
0 0.0 0.0 0.0 0.0 0.0 0.0 0.0 
0 0.0 10.0 0.0 -1.5693431628991867 -2.8307732323462877 0.0 -5.599883604754449 
0 0.0 10.0 0.0 -9.999999999999995 0.0 0.0 0.0 
0 0.0 0.0 0.0 0.0 0.0 0.0 0.0 
0 0.0 10.0 -2.2149186163228114 -2.3262878813638173 -3.1715035588025176 0.0 -2.2872899435108693 
0 0.0 10.0 0.0 -10.000000000000012 0.0 0.0 0.0 
0 0.0 8.52617427521247 -2.7908696538062023 0.0 -5.735304621406272 0.0 0.0 
0 0.0 10.0 0.0 0.0 -10.000000000000002 0.0 0.0 
0 0.0 -1.6679435070314417E-15 0.0 0.0 0.0 0.0 0.0 
0 -10.0 10.0 0.0 0.0 0.0 0.0 0.0 
0 0.0 0.0 0.0 0.0 0.0 0.0 0.0 
0 -0.08098488640042843 0.6382432250982645 -0.09446569957699368 -0.1270602906562856 -0.09724825720112151 -0.07884530823729062 -0.15963878302614545 
0 0.0 0.0 0.0 0.0 0.0 0.0 0.0 
0 0.0 0.0 0.0 0.0 0.0 0.0 0.0 
0 0.0 10.0 0.0 0.0 -9.999999999999998 0.0 0.0 
0 0.0 10.0 0.0 0.0 0.0 -9.999999999999991 0.0 
0 0.0 0.0 0.0 0.0 0.0 0.0 0.0 
0 0.0 0.8675857837246317 -0.7375787979081218 0.0 -0.13000698581651365 0.0 0.0 
0 0.0 0.0 0.0 0.0 0.0 0.0 0.0 
0 0.0 10.0 0.0 0.0 -10.000000000000009 0.0 0.0 
0 0.0 10.0 0.0 0.0 -10.000000000000009 0.0 0.0 
0 0.0 -3.718069109542695E-15 0.0 0.0 0.0 0.0 0.0 
0 -0.21761081115425387 1.223461470730322 -0.22743948393634994 -0.29033989021985734 -0.18353141974294399 0.0 -0.30453986567691693 
0 0.0 10.0 0.0 0.0 0.0 -9.999999999999979 0.0 
0 0.0 1.1710115260284675E-15 0.0 0.0 0.0 0.0 0.0 
0 0.0 10.0 0.0 0.0 0.0 -10.000000000000014 0.0 
0 0.0 0.4339199840597209 -0.43391998405971494 0.0 0.0 0.0 0.0 
0 0.0 0.0 0.0 0.0 0.0 0.0 0.0 
0 0.0 10.0 0.0 0.0 -9.999999999999998 0.0 0.0 
0 0.0 1.3875016787362675 -0.606729121925737 -0.41761696937763554 -0.0702389538137901 -0.2929166336190996 0.0 
0 0.0 2.138295191209026 0.0 0.0 0.0 -2.1382951912090187 0.0 
0 -0.288636321783366 2.431966296821421 -0.4305264091957933 -0.4390849338130297 -0.408726026284732 -0.3889806819705301 -0.4760119237739714 
0 0.0 10.0 0.0 0.0 0.0 -10.0 0.0 
0 0.0 0.0 0.0 0.0 0.0 0.0 0.0 
0 0.0 10.0 0.0 -5.578722813164292 -2.4608421577881576 0.0 -1.9604350290475552 
0 -0.2767641570094882 1.7359626700774806 -0.28356888130059965 -0.29815460700327256 -0.28608211518555693 -0.2663297056883308 -0.32506320389023274 
0 0.0 10.0 0.0 0.0 -6.6226797977653575 0.0 -3.3773202022346425 
0 0.0 10.0 0.0 0.0 -9.999999999999996 0.0 0.0 
0 0.0 10.0 -4.818228068638307 -0.5433774161155575 0.0 -2.589384451629513 -2.0490100636166106 
0 0.0 0.0 0.0 0.0 0.0 0.0 0.0 
0 -3.149949848634876 10.0 0.0 0.0 0.0 0.0 -6.850050151365117 
0 0.0 0.0 0.0 0.0 0.0 0.0 0.0 
0 0.0 10.0 0.0 0.0 -10.0 0.0 0.0 
0 -7.476761227161383 10.0 0.0 0.0 -2.5232387728386256 0.0 0.0 
0 -1.6536529353159581 7.039090930714463 -0.8849128045528126 -1.184102088695215 -1.1384966178368958 -0.9465633924137286 -1.231363091899841 
0 0.0 3.3246460680303437E-15 0.0 0.0 0.0 0.0 0.0 
0 0.0 10.0 0.0 -10.000000000000004 0.0 0.0 0.0 
0 0.0 0.0 0.0 0.0 0.0 0.0 0.0 
0 -0.8438060215685362 10.0 -6.053262990806107 -0.6506341954794419 -0.5630876674029849 -0.7344436022812528 -1.1547655224616815 
0 0.0 0.0 0.0 0.0 0.0 0.0 0.0 
0 0.0 0.0 0.0 0.0 0.0 0.0 0.0 
0 0.0 0.0 0.0 0.0 0.0 0.0 0.0 
0 0.0 2.315764152294015 -2.3157641522940158 0.0 0.0 0.0 0.0 
0 -0.1350480262162487 0.8413572822063734 -0.13772536183555173 -0.15254651475443484 -0.12413119301677414 -0.10795812871687821 -0.18394805766648661 
0 0.0 0.27987552482309347 -0.27987552482309347 0.0 0.0 0.0 0.0 
0 0.0 3.044175129303952 -3.044175129303953 0.0 0.0 0.0 0.0 
0 0.0 0.0 0.0 0.0 0.0 0.0 0.0 
0 -9.999999999999995 10.0 0.0 0.0 0.0 0.0 0.0 
0 0.0 0.0 0.0 0.0 0.0 0.0 0.0 
0 -3.7821500491484295E-8 10.0 0.0 -1.0890886060200885E-6 0.0 -9.999998733708763 -1.3938113103819734E-7 
0 0.0 0.0 0.0 0.0 0.0 0.0 0.0 
0 0.0 0.0 0.0 0.0 0.0 0.0 0.0 
0 0.0 0.0 0.0 0.0 0.0 0.0 0.0 
0 -9.999999999999988 10.0 0.0 0.0 0.0 0.0 0.0 
0 0.0 0.2934951375920934 0.0 0.0 0.0 -0.2934951375920934 0.0 
0 0.0 0.0 0.0 0.0 0.0 0.0 0.0 
0 0.0 0.0 0.0 0.0 0.0 0.0 0.0 
0 -7.450936140901124 10.0 0.0 0.0 -2.549063859098884 0.0 0.0 
0 0.0 0.011369796332274053 -0.011288932181149647 0.0 0.0 0.0 -8.086415112480451E-5 
0 -7.799495913872176 10.0 0.0 0.0 0.0 -0.23231644064903176 -1.968187645478799 
0 0.0 0.0 0.0 0.0 0.0 0.0 0.0 
0 -0.13519551959549692 0.8416516090958021 -0.1381319520575181 -0.1527500949932295 -0.12325687009876289 -0.10809366040473943 -0.18422351194605682 
0 0.0 10.0 -6.149283757807371 0.0 -3.035646404621679 -0.4013871622889698 -0.4136826752819817 
0 -0.13509385713334932 0.8415963686964001 -0.13817162022618418 -0.15271732014519274 -0.12323201591468477 -0.10810486458795772 -0.18427669068903246 
0 0.0 0.0 0.0 0.0 0.0 0.0 0.0 
0 -0.30116205674397345 1.8214895454908775 -0.29720665591602624 -0.3291444547660869 -0.2604759728553124 -0.23324967096586946 -0.4002507342436121 
0 0.0 0.0 0.0 0.0 0.0 0.0 0.0 
0 -0.13505121141454796 0.8415693972734162 -0.13778644777717594 -0.15254704446818115 -0.12411711609273827 -0.10812821882716214 -0.18393935869360958 
0 0.0 10.0 0.0 0.0 0.0 -9.999999999999988 0.0 
0 0.0 0.36386431829123494 0.0 0.0 -0.3638643182912336 0.0 0.0 
0 0.0 0.0 0.0 0.0 0.0 0.0 0.0 
0 0.0 0.0 0.0 0.0 0.0 0.0 0.0 
0 0.0 0.0 0.0 0.0 0.0 0.0 0.0 
0 0.0 0.0 0.0 0.0 0.0 0.0 0.0 
0 0.0 10.0 0.0 -4.73362675146697 0.0 0.0 -5.266373248533038 
0 -10.000000000000002 10.0 0.0 0.0 0.0 0.0 0.0 
0 -0.7414326775843864 0.7414326775843879 0.0 0.0 0.0 0.0 0.0 
0 0.0 -1.1887509320951638E-15 0.0 0.0 0.0 0.0 0.0 
0 0.0 0.0021716505562454757 0.0 0.0 0.0 0.0 -0.0021716505562454757 
0 -0.1349902423206716 0.8411421299795501 -0.13789298830275093 -0.1523923655762613 -0.12413723192663183 -0.10785258626359988 -0.18387671558963467 
0 0.0 0.0 0.0 0.0 0.0 0.0 0.0 
0 -2.3255264136244285 10.0 0.0 0.0 0.0 0.0 -7.674473586375568 
0 0.0 0.09431795188419903 0.0 -0.00958619348292184 -0.022994003421302863 -0.03312944632372249 -0.02860830865624662 
0 -2.165377408947511 2.389673824952169 0.0 0.0 0.0 -0.22429641600465586 0.0 
0 -0.08827938691321849 0.6380282029140851 -0.09755408688277534 -0.12215970369923239 -0.09983760440847643 -0.07774638003982867 -0.15245104097055498 
0 0.0 10.0 0.0 0.0 -9.99999999999999 0.0 0.0 
0 0.0 0.0 0.0 0.0 0.0 0.0 0.0 
0 -1.0961940559026688 7.052470224451079 -1.317521868377673 -1.1678593201042826 -1.0591369873695284 -1.1138056827992586 -1.297952309897669 
0 -9.999999999999998 10.0 0.0 0.0 0.0 0.0 0.0 
0 0.0 -1.5133591487254325E-15 0.0 0.0 0.0 0.0 0.0 
0 -0.5214893479897798 10.0 -0.9260322535075085 -1.9187402477390962 -1.6896678087028805 -4.94407034206073 0.0 
0 0.0 10.0 0.0 0.0 -10.0 0.0 0.0 
0 0.0 0.0 0.0 0.0 0.0 0.0 0.0 
0 0.0 1.3324435586824715E-15 0.0 0.0 0.0 0.0 0.0 
0 0.0 10.0 0.0 0.0 -9.751433222782762 -0.2485667772172449 0.0 
0 0.0 0.0 0.0 0.0 0.0 0.0 0.0 
0 0.0 10.0 0.0 -9.999999999999998 0.0 0.0 0.0 
0 0.0 0.0 0.0 0.0 0.0 0.0 0.0 
0 -0.22414838187691052 1.3537049328675756 -0.22577092659153297 -0.2424248185305139 -0.19620129533986605 -0.17642770910578226 -0.2887318014229687 
0 0.0 10.0 0.0 0.0 -5.480347286431504 -4.519652713568525 0.0 
0 0.0 10.0 0.0 0.0 -1.6509599331384621 -8.349040066861557 0.0 
0 0.0 0.0 0.0 0.0 0.0 0.0 0.0 
0 0.0 0.0 0.0 0.0 0.0 0.0 0.0 
0 0.0 0.0 0.0 0.0 0.0 0.0 0.0 
0 0.0 -1.971554412699355E-14 0.0 0.0 0.0 0.0 0.0 
0 0.0 3.8395979065244776 -3.839597906524473 0.0 0.0 0.0 0.0 
0 0.0 -7.910253511724738E-15 0.0 0.0 0.0 0.0 0.0 
0 -1.0880571768160791E-4 0.003011910905692586 -4.9385871651835924E-5 -0.001308449079257161 0.0 0.0 -0.0015452702371027765 
0 -0.09048066169823078 0.6373894358407329 -0.0873050957773518 -0.12446138289277954 -0.10234427672320259 -0.08034112113887876 -0.15245689761029185 
0 0.0 0.0 0.0 0.0 0.0 0.0 0.0 
0 -9.999999999999979 10.0 0.0 0.0 0.0 0.0 0.0 
0 0.0 10.0 0.0 0.0 -9.068509409477137 0.0 -0.9314905905228641 
0 0.0 0.0 0.0 0.0 0.0 0.0 0.0 
0 0.0 0.0 0.0 0.0 0.0 0.0 0.0 
0 0.0 10.0 0.0 0.0 0.0 -9.999999999999988 0.0 
0 0.0 0.0 0.0 0.0 0.0 0.0 0.0 
0 0.0 10.0 0.0 -3.565900772810119 0.0 0.0 -6.4340992271898845 
0 0.0 1.3758242648921224 0.0 -1.3758242648921217 0.0 0.0 0.0 
0 -1.8443249379459918 9.594169955394426 -5.634460930112948 -2.115384087335485 0.0 0.0 0.0 
0 0.0 0.0 0.0 0.0 0.0 0.0 0.0 
0 0.0 0.0 0.0 0.0 0.0 0.0 0.0 
0 0.0 0.0 0.0 0.0 0.0 0.0 0.0 
0 0.0 0.0 0.0 0.0 0.0 0.0 0.0 
0 -0.13488975264247963 0.841391901591768 -0.13786951056441893 -0.15267898229433732 -0.12404612210749259 -0.1078921607896659 -0.1840153731933717 
0 -2.6078290590323427 10.0 -0.4232153297006008 -0.588329678927315 -5.37741097835885 -0.3985395207447536 -0.6046754332361347 
0 0.0 10.0 -5.842201939769445 0.0 -4.157798060230559 0.0 0.0 
0 -0.28677461279784544 1.7896104298698234 -0.29205053141824944 -0.30866694903228664 -0.29194572262682456 -0.271611620647443 -0.33856099334717255 
0 -1.1426802993094225 1.1464771647488574 0.0 -0.0037968654394370505 0.0 0.0 0.0 
0 0.0 1.1409777171189937 0.0 0.0 -1.1409777171189948 0.0 0.0 
0 0.0 10.0 -10.000000000000016 0.0 0.0 0.0 0.0 
0 0.0 0.0 0.0 0.0 0.0 0.0 0.0 
0 0.0 0.0 0.0 0.0 0.0 0.0 0.0 
0 0.0 -1.342938747698641E-15 0.0 0.0 0.0 0.0 0.0 
0 0.0 0.0 0.0 0.0 0.0 0.0 0.0 
0 0.0 5.943786961387791E-16 0.0 0.0 0.0 0.0 0.0 
0 0.0 1.0856958385549904 0.0 0.0 -1.0856958385549904 0.0 0.0 
0 0.0 0.0 0.0 0.0 0.0 0.0 0.0 
0 0.0 1.5606434050680231 -0.4217460863612933 0.0 -0.8260176675607132 -0.31287965114601674 0.0 
0 -0.134980926507312 0.8413305438271647 -0.1380343748884834 -0.15240684255904782 -0.12412952371139324 -0.10789966732849238 -0.18387920883243625 
0 -0.13502709392825765 0.8412347163571091 -0.137911282845144 -0.15246213576353357 -0.1240863731901689 -0.10794811542935015 -0.1837997152006532 
0 -0.13492579886076536 0.8419249914893389 -0.13791788345829015 -0.15267313592865403 -0.12426522624843019 -0.10820173847021522 -0.18394120852298487 
0 0.0 0.0 0.0 0.0 0.0 0.0 0.0 
0 0.0 0.0 0.0 0.0 0.0 0.0 0.0 
0 0.0 0.0 0.0 0.0 0.0 0.0 0.0 
0 0.0 10.0 0.0 -6.7311351443603105 0.0 -3.268864855639692 0.0 
0 -0.13532070121021397 0.8415093896099581 -0.1380284524553609 -0.1527913637510161 -0.1232081180775366 -0.10789367206933101 -0.18426708204649841 
0 0.0 0.0 0.0 0.0 0.0 0.0 0.0 
5 0.0 -10.000000000000004 10.0 0.0 0.0 0.0 0.0 
5 -9.999999999999998 0.0 10.0 0.0 0.0 0.0 0.0 
5 -2.85670599705063 0.0 2.8567059970506343 0.0 0.0 0.0 0.0 
5 0.0 0.0 0.0 0.0 0.0 0.0 0.0 
5 0.0 0.0 10.0 -9.999999999999996 0.0 0.0 0.0 
5 -10.000000000000002 0.0 10.0 0.0 0.0 0.0 0.0 
5 0.0 0.0 0.0 0.0 0.0 0.0 0.0 
5 0.0 0.0 0.0 0.0 0.0 0.0 0.0 
5 -9.999999999999986 0.0 10.0 0.0 0.0 0.0 0.0 
5 0.0 0.0 0.0 0.0 0.0 0.0 0.0 
5 -2.196166671919692 -0.6527361275248389 7.9244189638804405 -0.5096307688319435 0.0 -1.6406142148083356 -2.9252711807956304 
5 0.0 -0.6822738574670262 2.670760281977982 -1.1445696835867398 -0.14114217896047337 -0.7027745619637464 0.0 
5 0.0 0.0 0.0 0.0 0.0 0.0 0.0 
5 0.0 0.0 10.0 0.0 0.0 -10.000000000000012 0.0 
5 0.0 0.0 0.0 0.0 0.0 0.0 0.0 
5 0.0 0.0 2.412111463737234 -2.412111463737234 0.0 0.0 0.0 
5 0.0 -9.999999999999982 10.0 0.0 0.0 0.0 0.0 
5 -9.99999999999997 0.0 10.0 0.0 0.0 0.0 0.0 
5 -1.4497867911631042 0.0 2.3161099514203665 -0.8663231602573095 0.0 0.0 0.0 
5 -1.8808451883628705 0.0 10.0 0.0 -3.035901546238441 -1.238381362594123 -3.844871902804561 
5 -2.0897560119862226 0.0 10.0 -7.910243988013794 0.0 0.0 0.0 
5 0.0 -9.999999999999982 10.0 0.0 0.0 0.0 0.0 
5 -0.3353124282446846 0.0 0.3353124282446846 0.0 0.0 0.0 0.0 
5 -9.999999999999993 0.0 10.0 0.0 0.0 0.0 0.0 
5 0.0 0.0 0.0 0.0 0.0 0.0 0.0 
5 0.0 0.0 10.0 -10.000000000000005 0.0 0.0 0.0 
5 0.0 0.0 0.0 0.0 0.0 0.0 0.0 
5 0.0 0.0 0.0 0.0 0.0 0.0 0.0 
5 0.0 0.0 0.0 0.0 0.0 0.0 0.0 
5 -5.451257903496385 0.0 10.0 -3.9215698806031836 -0.6271722159003982 0.0 0.0 
5 -9.999999999999991 0.0 10.0 0.0 0.0 0.0 0.0 
5 0.0 0.0 -2.5226314697187463E-14 0.0 0.0 0.0 0.0 
5 0.0 0.0 0.0 0.0 0.0 0.0 0.0 
5 0.0 0.0 10.0 0.0 0.0 0.0 -9.999999999999984 
5 0.0 0.0 0.0 0.0 0.0 0.0 0.0 
5 0.0 0.0 1.50899539517194 -1.50899539517194 0.0 0.0 0.0 
5 0.0 0.0 0.0 0.0 0.0 0.0 0.0 
5 0.0 -3.2142637374549707 7.075834471237795 -3.8615707337828318 0.0 0.0 0.0 
5 -10.0 0.0 10.0 0.0 0.0 0.0 0.0 
5 -9.999999999999996 0.0 10.0 0.0 0.0 0.0 0.0 
5 0.0 0.0 0.0 0.0 0.0 0.0 0.0 
5 0.0 0.0 0.0 0.0 0.0 0.0 0.0 
5 0.0 0.0 0.0 0.0 0.0 0.0 0.0 
5 0.0 0.0 10.0 -0.2012816033369597 -5.68206292134232 -1.780293343296296 -2.3363621320244334 
5 0.0 0.0 0.0 0.0 0.0 0.0 0.0 
5 0.0 0.0 0.0 0.0 0.0 0.0 0.0 
5 0.0 0.0 0.0 0.0 0.0 0.0 0.0 
5 0.0 0.0 0.0 0.0 0.0 0.0 0.0 
5 0.0 0.0 10.0 0.0 0.0 0.0 -10.000000000000059 
5 0.0 0.0 0.0 0.0 0.0 0.0 0.0 
5 0.0 0.0 -3.304270702126825E-15 0.0 0.0 0.0 0.0 
5 0.0 0.0 0.7657430671224481 0.0 0.0 -0.7657430671224481 0.0 
5 0.0 0.0 0.0 0.0 0.0 0.0 0.0 
5 -9.686186056672708 0.0 10.0 0.0 -0.31381394332728346 0.0 0.0 
5 -4.415798315468551 0.0 10.0 0.0 0.0 -1.6091086667917343 -3.9750930177397183 
5 -0.08580515311195712 0.0 3.337454862015644 -1.704713205534749 -1.2147852315471892 -0.3321512718217486 0.0 
5 0.0 0.0 0.0 0.0 0.0 0.0 0.0 
5 -10.0 0.0 10.0 0.0 0.0 0.0 0.0 
5 0.0 0.0 -6.883575780810457E-15 0.0 0.0 0.0 0.0 
5 -0.047113748311230136 -0.2294260956027379 1.1593194008750796 -0.2255808708981301 -0.3161261191790182 -0.3410725668839647 0.0 
5 0.0 0.0 0.0 0.0 0.0 0.0 0.0 
5 0.0 0.0 10.0 -10.000000000000016 0.0 0.0 0.0 
5 0.0 0.0 0.0 0.0 0.0 0.0 0.0 
5 0.0 0.0 10.0 0.0 -0.16361723552321766 0.0 -9.836382764476785 
5 0.0 0.0 0.0 0.0 0.0 0.0 0.0 
5 0.0 0.0 0.0 0.0 0.0 0.0 0.0 
5 0.0 0.0 0.0 0.0 0.0 0.0 0.0 
5 0.0 0.0 0.0 0.0 0.0 0.0 0.0 
5 0.0 0.0 0.0 0.0 0.0 0.0 0.0 
5 0.0 0.0 -6.687968151287648E-16 0.0 0.0 0.0 0.0 
5 -0.15465520188250875 -0.15056542959698888 1.055291263898656 -0.19557319732216155 -0.17737252058601166 -0.1864381079466184 -0.19068680656436818 
5 0.0 -10.000000000000002 10.0 0.0 0.0 0.0 0.0 
5 0.0 -10.00000000000001 10.0 0.0 0.0 0.0 0.0 
5 0.0 0.0 10.0 0.0 -10.000000000000002 0.0 0.0 
5 -0.11964108203698662 -3.492604642171598 10.0 -2.430880790335781 -3.956873485455644 0.0 0.0 
5 0.0 0.0 8.717505355090433 -1.1664168708510159 -5.310215970701734 -2.240872513537731 0.0 
5 0.0 0.0 0.0 0.0 0.0 0.0 0.0 
5 0.0 0.0 -6.4434627627985064E-15 0.0 0.0 0.0 0.0 
5 0.0 0.0 0.0 0.0 0.0 0.0 0.0 
5 0.0 0.0 10.0 0.0 0.0 0.0 -9.999999999999995 
5 0.0 0.0 0.0 0.0 0.0 0.0 0.0 
5 0.0 0.0 0.0 0.0 0.0 0.0 0.0 
5 -10.000000000000002 0.0 10.0 0.0 0.0 0.0 0.0 
5 0.0 -10.000000000000028 10.0 0.0 0.0 0.0 0.0 
5 0.0 0.0 0.0 0.0 0.0 0.0 0.0 
5 0.0 0.0 10.0 0.0 -9.999999999999998 0.0 0.0 
5 0.0 -9.999999999999993 10.0 0.0 0.0 0.0 0.0 
5 0.0 0.0 0.0 0.0 0.0 0.0 0.0 
5 0.0 -10.000000000000012 10.0 0.0 0.0 0.0 0.0 
5 0.0 0.0 0.0 0.0 0.0 0.0 0.0 
5 -0.7378094182470546 0.0 0.7378094182470546 0.0 0.0 0.0 0.0 
5 0.0 0.0 0.0 0.0 0.0 0.0 0.0 
5 -3.045443650544739 0.0 10.0 0.0 -6.954556349455259 0.0 0.0 
5 0.0 0.0 0.0 0.0 0.0 0.0 0.0 
5 0.0 0.0 0.0 0.0 0.0 0.0 0.0 
5 0.0 0.0 0.0 0.0 0.0 0.0 0.0 
5 0.0 -10.000000000000004 10.0 0.0 0.0 0.0 0.0 
5 -4.313085274369572 0.0 6.406160425278407 -0.7651710633030125 0.0 -0.2500818846244064 -1.077822202981416 
5 0.0 0.0 0.0 0.0 0.0 0.0 0.0 
5 0.0 0.0 0.0 0.0 0.0 0.0 0.0 
5 0.0 0.0 0.0 0.0 0.0 0.0 0.0 
5 0.0 0.0 0.0 0.0 0.0 0.0 0.0 
5 0.0 0.0 0.0 0.0 0.0 0.0 0.0 
5 0.0 0.0 0.0 0.0 0.0 0.0 0.0 
5 0.0 0.0 0.0 0.0 0.0 0.0 0.0 
5 0.0 0.0 0.0 0.0 0.0 0.0 0.0 
5 0.0 0.0 0.0 0.0 0.0 0.0 0.0 
5 0.0 0.0 0.0 0.0 0.0 0.0 0.0 
5 0.0 0.0 0.0 0.0 0.0 0.0 0.0 
5 -0.31723487198057626 0.0 10.0 -7.644127133494659 -0.7671947409343092 -0.9544964949345667 -0.3169467586558916 
5 0.0 0.0 0.0 0.0 0.0 0.0 0.0 
5 0.0 0.0 0.0 0.0 0.0 0.0 0.0 
5 0.0 -0.8434384224958966 0.8744698388785649 0.0 0.0 -0.031031416382669378 0.0 
5 0.0 0.0 0.0 0.0 0.0 0.0 0.0 
5 0.0 0.0 10.0 -10.000000000000004 0.0 0.0 0.0 
5 0.0 -10.0 10.0 0.0 0.0 0.0 0.0 
5 0.0 -9.708235712481988 10.0 0.0 0.0 0.0 -0.2917642875180096 
5 0.0 0.0 0.0 0.0 0.0 0.0 0.0 
5 0.0 0.0 0.0 0.0 0.0 0.0 0.0 
5 0.0 0.0 0.0 0.0 0.0 0.0 0.0 
5 0.0 0.0 0.0 0.0 0.0 0.0 0.0 
5 0.0 0.0 10.0 0.0 -7.899430101691751 0.0 -2.1005698983082723 
5 0.0 0.0 0.0 0.0 0.0 0.0 0.0 
5 0.0 0.0 0.0 0.0 0.0 0.0 0.0 
5 0.0 0.0 0.0 0.0 0.0 0.0 0.0 
5 0.0 0.0 0.0 0.0 0.0 0.0 0.0 
5 0.0 0.0 0.8840964929715973 0.0 0.0 -0.8840964929716046 0.0 
5 0.0 0.0 9.017950986354606 0.0 0.0 -9.017950986354606 0.0 
5 0.0 0.0 0.0 0.0 0.0 0.0 0.0 
5 0.0 0.0 2.5765643552379163 0.0 0.0 0.0 -2.5765643552379025 
5 0.0 0.0 0.0 0.0 0.0 0.0 0.0 
5 -0.15427508115571295 -0.15026468942350013 1.0545523542720454 -0.19545419029205546 -0.17747984164866498 -0.18663310527474297 -0.19044544647736986 
5 0.0 0.0 0.0 0.0 0.0 0.0 0.0 
5 -0.05184086251441378 0.0 4.237413950504521 0.0 0.0 -3.1225565032487266 -1.063016584741376 
5 0.0 0.0 8.925316221517038 0.0 0.0 -8.925316221517038 0.0 
5 0.0 0.0 4.020244987367218 0.0 -4.020244987367218 0.0 0.0 
5 0.0 0.0 0.0 0.0 0.0 0.0 0.0 
5 0.0 0.0 0.0 0.0 0.0 0.0 0.0 
5 0.0 0.0 10.0 0.0 -1.3710808965939916 -8.628919103406 0.0 
5 0.0 0.0 0.0 0.0 0.0 0.0 0.0 
5 0.0 -10.000000000000004 10.0 0.0 0.0 0.0 0.0 
5 -1.6016149347086366 -1.8675518253421137 10.0 0.0 -5.241521904288115 -0.6729846856981714 -0.616326649962935 
5 -10.000000000000007 0.0 10.0 0.0 0.0 0.0 0.0 
5 0.0 -0.34932300204614014 1.6491285986535962 -0.7233947527080749 -0.5764108438993821 0.0 0.0 
5 0.0 0.0 0.0 0.0 0.0 0.0 0.0 
5 0.0 -10.000000000000007 10.0 0.0 0.0 0.0 0.0 
5 -0.1543594355608687 -0.1506113798299377 1.0552928131778028 -0.19565899442106452 -0.17762866055513865 -0.1864000840080545 -0.19063425880273938 
5 -0.10586559389246855 0.0 0.8822159121081597 -0.20994768131070557 -0.15301122457878377 -0.2596222512019588 -0.15376916112424277 
5 0.0 0.0 0.0 0.0 0.0 0.0 0.0 
5 -2.2519590914289473 -7.748040908571062 10.0 0.0 0.0 0.0 0.0 
5 0.0 -10.000000000000005 10.0 0.0 0.0 0.0 0.0 
5 -0.016737565712760086 -0.013761118093654708 10.0 -9.882261434584713 -0.03226083782450237 -0.026105006746978746 -0.028874037037393448 
5 0.0 0.0 0.0 0.0 0.0 0.0 0.0 
5 0.0 0.0 -3.212768516947042E-16 0.0 0.0 0.0 0.0 
5 0.0 -10.00000000000005 10.0 0.0 0.0 0.0 0.0 
5 0.0 0.0 0.0 0.0 0.0 0.0 0.0 
5 0.0 0.0 4.365818486239832E-15 0.0 0.0 0.0 0.0 
5 0.0 0.0 0.0 0.0 0.0 0.0 0.0 
6 0.0 0.0 0.0 10.0 -9.999999999999996 0.0 0.0 
6 -0.8879181228142845 -3.842199442116878 0.0 10.0 -3.0757390138311402 0.0 -2.194143421237699 
6 0.0 -9.999999999999998 0.0 10.0 0.0 0.0 0.0 
6 0.0 0.0 0.0 0.0 0.0 0.0 0.0 
6 -9.999999999999996 0.0 0.0 10.0 0.0 0.0 0.0 
6 0.0 -2.969742479356757 0.0 10.0 -7.030257520643232 0.0 0.0 
6 -2.1715617479475573 0.0 0.0 10.0 -5.905704264549325 0.0 -1.9227339875031144 
6 0.0 0.0 0.0 10.0 -10.00000000000001 0.0 0.0 
6 0.0 0.0 0.0 0.0 0.0 0.0 0.0 
6 0.0 0.0 0.0 2.736751244826545 -1.3752926318333378 -1.361458612993204 0.0 
6 0.0 -7.548896194426682 0.0 10.0 -2.451103805573301 0.0 0.0 
6 0.0 -4.2201464625846015 0.0 10.0 -4.506556327533105 0.0 -1.273297209882294 
6 0.0 0.0 0.0 10.0 0.0 -10.000000000000007 0.0 
6 0.0 0.0 0.0 10.0 0.0 0.0 -10.000000000000023 
6 0.0 0.0 0.0 0.0 0.0 0.0 0.0 
6 0.0 0.0 0.0 10.0 0.0 0.0 -9.999999999999996 
6 0.0 0.0 0.0 10.0 0.0 0.0 -9.99999999999999 
6 0.0 -7.604398297572307 -2.395601702427696 10.0 0.0 0.0 0.0 
6 -9.999999999999968 0.0 0.0 10.0 0.0 0.0 0.0 
6 -10.000000000000028 0.0 0.0 10.0 0.0 0.0 0.0 
6 0.0 0.0 0.0 10.0 0.0 0.0 -10.0 
6 0.0 0.0 0.0 2.650981462783573E-15 0.0 0.0 0.0 
6 0.0 0.0 0.0 0.008180247435364012 0.0 -0.008180247435360844 0.0 
6 0.0 0.0 0.0 0.0 0.0 0.0 0.0 
6 0.0 0.0 0.0 0.0 0.0 0.0 0.0 
6 0.0 0.0 -5.982152262545766 6.61803220767914 0.0 -0.6358799451333839 0.0 
6 0.0 0.0 0.0 0.0 0.0 0.0 0.0 
6 0.0 0.0 0.0 0.0 0.0 0.0 0.0 
6 0.0 0.0 -10.000000000000002 10.0 0.0 0.0 0.0 
6 0.0 -1.2705044002891401 0.0 10.0 -8.72949559971081 0.0 0.0 
6 0.0 0.0 0.0 0.0 0.0 0.0 0.0 
6 0.0 0.0 0.0 10.0 -10.000000000000002 0.0 0.0 
6 -0.7030566525458735 0.0 -1.7672763963041318 2.47033304885 0.0 0.0 0.0 
6 0.0 0.0 0.0 0.0 0.0 0.0 0.0 
6 0.0 0.0 0.0 0.0 0.0 0.0 0.0 
6 -9.999999999999993 0.0 0.0 10.0 0.0 0.0 0.0 
6 0.0 0.0 0.0 0.0 0.0 0.0 0.0 
6 0.0 0.0 0.0 10.0 -9.999999999999998 0.0 0.0 
6 0.0 0.0 0.0 10.0 0.0 0.0 -9.999999999999998 
6 0.0 0.0 0.0 10.0 0.0 0.0 -10.0 
6 -0.5443797225935654 -6.993288973994571 0.0 10.0 -0.4513030566249902 0.0 -2.01102824678687 
6 0.0 0.0 0.0 0.0 0.0 0.0 0.0 
6 0.0 0.0 0.0 10.0 0.0 0.0 -10.000000000000005 
6 -0.5077096648968794 -6.186225697236253 0.0 10.0 -0.8744331717706739 0.0 -2.4316314660962095 
6 -4.8496129974804125 0.0 0.0 5.716615354313344 -0.8670023568329347 0.0 0.0 
6 -0.10736228252285607 -0.0158700337829705 0.0 10.0 -4.98171201673158 0.0 -4.895055666962611 
6 -2.6366851155663564 -7.363314884433687 0.0 10.0 0.0 0.0 0.0 
6 0.0 -9.999999999999995 0.0 10.0 0.0 0.0 0.0 
6 0.0 -9.999999999999991 0.0 10.0 0.0 0.0 0.0 
6 0.0 0.0 0.0 0.0 0.0 0.0 0.0 
6 -0.8801900433946469 0.0 0.0 3.347216610681985 0.0 -1.9206196630735848 -0.5464069042137563 
6 -0.6443512699601728 0.0 -3.6022509269346434 4.246602196894816 0.0 0.0 0.0 
6 0.0 -3.6285670113614112 0.0 4.0544196005742545 -0.4258525892128489 0.0 0.0 
6 0.0 0.0 0.0 0.0 0.0 0.0 0.0 
6 0.0 0.0 0.0 0.0 0.0 0.0 0.0 
6 0.0 0.0 0.0 0.0 0.0 0.0 0.0 
6 0.0 0.0 0.0 10.0 -0.18558960430109872 0.0 -9.814410395698905 
6 -0.8542795090472145 -6.103178800947896 0.0 10.0 -2.1737388802137323 0.0 -0.8688028097911579 
6 -0.01423128796570145 -9.06880393677246 0.0 10.0 -0.1771322019984635 0.0 -0.7398325732633775 
6 0.0 0.0 0.0 0.0 0.0 0.0 0.0 
6 0.0 0.0 0.0 0.0 0.0 0.0 0.0 
6 -0.1991663735519661 -0.15953953210781105 -0.15443765168066192 1.0641465131759495 -0.20957905078687053 -0.17237642293439157 -0.16904748211424703 
6 0.0 0.0 0.0 0.0 0.0 0.0 0.0 
6 0.0 0.0 0.0 1.0412753466484253E-15 0.0 0.0 0.0 
6 0.0 0.0 0.0 0.0 0.0 0.0 0.0 
6 -9.999999999999995 0.0 0.0 10.0 0.0 0.0 0.0 
6 -0.16392067120823223 0.0 0.0 10.0 -0.4645242731504734 -3.93444211101168 -5.437112944629608 
6 0.0 0.0 0.0 0.0 0.0 0.0 0.0 
6 0.0 0.0 0.0 0.0 0.0 0.0 0.0 
6 0.0 0.0 0.0 0.021227544306432176 0.0 0.0 -0.021227544306432176 
6 -3.714305434892037 -1.8069528784527873 -2.404749174513257 10.0 0.0 0.0 -2.07399251214192 
6 0.0 0.0 0.0 0.0 0.0 0.0 0.0 
6 0.0 0.0 0.0 0.0 0.0 0.0 0.0 
6 0.0 0.0 0.0 0.0 0.0 0.0 0.0 
6 0.0 0.0 0.0 10.0 -9.999999999999998 0.0 0.0 
6 0.0 0.0 0.0 10.0 0.0 -10.000000000000002 0.0 
6 -1.2690316588119366 0.0 0.0 1.5018812950188611 0.0 -0.2328496362069295 0.0 
6 0.0 0.0 0.0 0.0 0.0 0.0 0.0 
6 0.0 -1.204611385857944 0.0 2.4908575591835294 -1.2862461733255808 0.0 0.0 
6 0.0 -1.1377625844142312 0.0 1.137762584414232 0.0 0.0 0.0 
6 0.0 0.0 0.0 0.0 0.0 0.0 0.0 
6 -0.30497711990294035 -0.2559306599541046 -0.24334242440038417 1.6526413413801813 -0.32082508051829106 -0.2694481179285762 -0.2581179386758851 
6 0.0 0.0 0.0 0.40050419389203684 0.0 0.0 -0.4005041938920393 
6 0.0 0.0 0.0 0.0 0.0 0.0 0.0 
6 0.0 0.0 0.0 0.0 0.0 0.0 0.0 
6 0.0 0.0 0.0 1.1644879146251007E-15 0.0 0.0 0.0 
6 -1.977273958919002 0.0 0.0 2.5368449073848596 -0.5595709484658578 0.0 0.0 
6 0.0 0.0 0.0 10.0 0.0 -10.0 0.0 
6 0.0 -1.6919744565403294 0.0 10.0 -7.211206946313781 -1.0968185971458912 0.0 
6 0.0 0.0 0.0 0.0 0.0 0.0 0.0 
6 0.0 -2.399674262103551 -6.6248741646006275 10.0 0.0 0.0 -0.9754515732958183 
6 0.0 -4.941516670734984 0.0 10.0 0.0 -5.05848332926502 0.0 
6 -0.03951078356208325 -0.2525844199771749 -0.9048243020136245 1.4738648248059159 -0.23491921094706705 0.0 -0.0420261083059476 
6 0.0 0.0 -10.0 10.0 0.0 0.0 0.0 
6 0.0 -0.08258333793657856 0.0 10.0 -8.467243928690488 -1.450172733372935 0.0 
6 -1.470407480609845 -2.520304953990724 0.0 10.0 0.0 -1.6008599894901465 -4.4084275759092835 
6 0.0 0.0 0.0 10.0 0.0 -10.000000000000007 0.0 
6 0.0 0.0 0.0 -6.381897244121087E-16 0.0 0.0 0.0 
6 0.0 -4.166118643214533 -5.833881356785464 10.0 0.0 0.0 0.0 
6 -0.03965561846926531 -0.021797411608992463 -0.027938888453617135 0.18936965226537555 -0.03657515742433404 -0.027686629583502455 -0.035715946725663875 
6 0.0 0.0 0.0 10.0 0.0 0.0 -10.000000000000002 
6 -1.8524155744307824 0.0 0.0 10.0 0.0 -5.452683854568775 -2.6949005710004474 
6 0.0 0.0 0.0 10.0 0.0 0.0 -9.999999999999979 
6 0.0 0.0 0.0 3.0298217301039734 -3.029821730103977 0.0 0.0 
6 0.0 0.0 -1.1614276650183641 2.4788116554745474 -1.2596613618701504 -0.0577226285860399 0.0 
6 -0.22973362416728096 0.0 0.0 10.0 0.0 -9.770266375832719 0.0 
6 0.0 0.0 -2.1822039801578783 10.0 0.0 0.0 -7.817796019842121 
6 0.0 0.0 0.0 8.371310082949844 -8.371310082949844 0.0 0.0 
6 0.0 0.0 0.0 0.0 0.0 0.0 0.0 
6 0.0 0.0 -10.0 10.0 0.0 0.0 0.0 
6 -10.0 0.0 0.0 10.0 0.0 0.0 0.0 
4 0.0 0.0 0.0 0.0 0.0 0.0 0.0 
4 0.0 0.0 -1.4335559040101484 -0.5835480158501433 5.284970349875636 -3.2678664300153364 0.0 
4 0.0 0.0 0.0 0.0 0.0 0.0 0.0 
4 -9.312080709289539 0.0 -0.6879192907104814 0.0 10.0 0.0 0.0 
4 0.0 -10.000000000000005 0.0 0.0 10.0 0.0 0.0 
4 0.0 0.0 0.0 0.0 10.0 0.0 -9.999999999999979 
4 0.0 0.0 0.0 0.0 0.0 0.0 0.0 
4 0.0 0.0 -3.7127491884960104 0.0 5.407594905646065 -1.694845717150037 0.0 
4 0.0 0.0 0.0 0.0 0.0 0.0 0.0 
4 -10.000000000000002 0.0 0.0 0.0 10.0 0.0 0.0 
4 0.0 0.0 -10.000000000000018 0.0 10.0 0.0 0.0 
4 -1.1379444491331374 0.0 0.0 0.0 10.0 -8.862055550866865 0.0 
4 -6.198741050756674 0.0 0.0 0.0 6.198741050756674 0.0 0.0 
4 0.0 0.0 0.0 0.0 0.0 0.0 0.0 
4 0.0 0.0 0.0 0.0 0.0 0.0 0.0 
4 0.0 -4.426708242778585 0.0 0.0 10.0 0.0 -5.5732917572214165 
4 0.0 -9.999999999999998 0.0 0.0 10.0 0.0 0.0 
4 0.0 0.0 0.0 -10.000000000000007 10.0 0.0 0.0 
4 0.0 0.0 0.0 0.0 10.0 0.0 -10.000000000000002 
4 0.0 0.0 0.0 -9.999999999999982 10.0 0.0 0.0 
4 0.0 0.0 0.0 -10.000000000000005 10.0 0.0 0.0 
4 -1.6106450782054824 -1.3695841506949813 -2.4163613628164944 -2.0700820171920413 10.0 -1.7140948651568346 -0.8192325259341676 
4 0.0 0.0 0.0 -10.000000000000007 10.0 0.0 0.0 
4 -1.3594762220949919 -1.2171545738681313 -0.7117951221227317 0.0 4.630395600760961 -0.5119254940618843 -0.8300441886132226 
4 0.0 0.0 -3.7837871438875745 0.0 10.0 -6.216212856112404 0.0 
4 0.0 0.0 0.0 0.0 10.0 -9.999999999999998 0.0 
4 0.0 0.0 0.0 0.0 -9.690507772086199E-15 0.0 0.0 
4 0.0 0.0 0.0 0.0 -9.421867206145936E-15 0.0 0.0 
4 0.0 0.0 0.0 0.0 0.0 0.0 0.0 
4 0.0 -10.000000000000002 0.0 0.0 10.0 0.0 0.0 
4 0.0 -10.000000000000005 0.0 0.0 10.0 0.0 0.0 
4 0.0 -10.000000000000007 0.0 0.0 10.0 0.0 0.0 
4 0.0 0.0 0.0 0.0 0.0 0.0 0.0 
4 0.0 0.0 0.0 -2.1318986936432878 2.1318986936432887 0.0 0.0 
4 0.0 0.0 0.0 0.0 0.0 0.0 0.0 
4 0.0 0.0 0.0 0.0 0.0 0.0 0.0 
4 0.0 0.0 0.0 -2.6575433113119393 2.6575433113119424 0.0 0.0 
4 0.0 0.0 0.0 0.0 10.0 0.0 -10.0 
4 0.0 0.0 0.0 0.0 10.0 -9.999999999999998 0.0 
4 0.0 -9.999999999999993 0.0 0.0 10.0 0.0 0.0 
4 -2.0812966629363356 -2.4080176849524846 -2.6193572408047734 -0.15689324825590076 8.969885261282975 -0.9446076886451711 -0.7597127356883103 
4 0.0 0.0 0.0 -9.397711569657748 10.0 0.0 -0.6022884303423018 
4 0.0 -10.000000000000009 0.0 0.0 10.0 0.0 0.0 
4 -9.999999999999998 0.0 0.0 0.0 10.0 0.0 0.0 
4 0.0 0.0 0.0 -9.999999999999998 10.0 0.0 0.0 
4 0.0 -9.999999999999995 0.0 0.0 10.0 0.0 0.0 
4 -9.999999999999998 0.0 0.0 0.0 10.0 0.0 0.0 
4 0.0 -10.000000000000009 0.0 0.0 10.0 0.0 0.0 
4 0.0 0.0 0.0 0.0 0.0 0.0 0.0 
4 0.0 0.0 -7.4575814564867215 0.0 10.0 -2.5424185435132736 0.0 
4 0.0 -9.999999999999998 0.0 0.0 10.0 0.0 0.0 
4 0.0 0.0 0.0 -8.39818654876404 10.0 0.0 -1.601813451235953 
4 0.0 0.0 0.0 0.0 0.0 0.0 0.0 
4 0.0 0.0 0.0 0.0 10.0 0.0 -10.0 
4 -0.027044922302887395 -0.0484137793692229 0.0 -0.4572152259537012 0.5326739276258126 0.0 0.0 
4 0.0 0.0 0.0 0.0 10.0 0.0 -10.000000000000009 
4 0.0 0.0 0.0 -10.000000000000004 10.0 0.0 0.0 
4 -0.18628949443351608 -0.11239034738186619 -0.20122958195891752 -0.18962031551975106 1.0735721776165672 -0.19731555536523568 -0.18672688295728035 
4 0.0 0.0 0.0 -10.000000000000014 10.0 0.0 0.0 
4 0.0 0.0 0.0 0.0 10.0 -10.000000000000034 0.0 
4 -0.49019244800645323 0.0 -0.07254737790952964 -1.0640349305581929 3.9444210150715797 -0.3640676853227799 -1.9535785732746247 
4 0.0 -10.000000000000004 0.0 0.0 10.0 0.0 0.0 
4 0.0 -10.0 0.0 0.0 10.0 0.0 0.0 
4 0.0 0.0 0.0 0.0 10.0 0.0 -9.999999999999991 
4 0.0 0.0 0.0 0.0 0.0 0.0 0.0 
4 0.0 0.0 0.0 0.0 0.0 0.0 0.0 
4 0.0 0.0 0.0 0.0 0.0 0.0 0.0 
4 0.0 0.0 0.0 0.0 0.0 0.0 0.0 
4 0.0 0.0 0.0 0.0 0.0 0.0 0.0 
4 0.0 -10.000000000000002 0.0 0.0 10.0 0.0 0.0 
4 0.0 -10.000000000000004 0.0 0.0 10.0 0.0 0.0 
4 0.0 0.0 0.0 0.0 10.0 -9.999999999999996 0.0 
4 0.0 0.0 0.0 0.0 0.0 0.0 0.0 
4 0.0 0.0 -9.999999999999993 0.0 10.0 0.0 0.0 
4 0.0 0.0 0.0 0.0 10.0 -10.0 0.0 
4 0.0 0.0 0.0 0.0 0.0 0.0 0.0 
4 0.0 -1.1207259489450878 0.0 0.0 1.120725948945092 0.0 0.0 
4 0.0 -9.64316244000933 0.0 0.0 10.0 -0.35683755999067046 0.0 
4 0.0 -0.8719227182370661 0.0 -1.8333362944702007 2.907591091338671 -0.20233207863139183 0.0 
4 0.0 0.0 0.0 0.0 0.0 0.0 0.0 
4 0.0 0.0 0.0 0.0 10.0 0.0 -9.999999999999993 
4 -9.999999999999996 0.0 0.0 0.0 10.0 0.0 0.0 
4 0.0 -9.999999999999986 0.0 0.0 10.0 0.0 0.0 
4 0.0 0.0 -0.43820126462433934 0.0 0.43820126462433934 0.0 0.0 
4 0.0 0.0 0.0 0.0 0.0 0.0 0.0 
4 0.0 0.0 0.0 0.0 0.0 0.0 0.0 
4 0.0 0.0 0.0 -0.22110015797252905 0.22110015797252808 0.0 0.0 
4 0.0 0.0 0.0 0.0 0.0 0.0 0.0 
4 0.0 -10.000000000000002 0.0 0.0 10.0 0.0 0.0 
4 0.0 -9.4149622590169 0.0 -0.5850377409831027 10.0 0.0 0.0 
4 0.0 0.0 0.0 0.0 10.0 0.0 -10.000000000000012 
4 0.0 0.0 0.0 0.0 3.8191146786011045 0.0 -3.819114678601109 
4 0.0 -3.130095822157423 0.0 -5.352065975996836 10.0 0.0 -1.5178382018457457 
4 0.0 -10.0 0.0 0.0 10.0 0.0 0.0 
4 0.0 0.0 0.0 0.0 3.279959713471679 -3.2799597134716785 0.0 
4 -5.416772684106115 0.0 -3.1840644368914406 0.0 10.0 -1.3991628790024404 0.0 
4 0.0 0.0 0.0 -9.999999999999998 10.0 0.0 0.0 
4 0.0 -10.0 0.0 0.0 10.0 0.0 0.0 
4 0.0 0.0 0.0 0.0 10.0 0.0 -9.999999999999993 
4 0.0 -0.6625250879041296 -0.8020998952872377 -1.0314651783383495 10.0 0.0 -7.503909838470301 
4 0.0 0.0 -2.3567978526415154 0.0 10.0 -2.2933876904735278 -5.349814456884972 
4 0.0 -9.999999999999996 0.0 0.0 10.0 0.0 0.0 
4 0.0 -10.000000000000004 0.0 0.0 10.0 0.0 0.0 
4 -1.4033867345279192 -2.9992149932030463 -0.5864268761471545 -4.182761977788092 10.0 -0.8282094183337979 0.0 
4 0.0 0.0 0.0 0.0 3.043400094842391 -3.043400094842391 0.0 
4 0.0 -4.230714012296375 0.0 -5.7692859877036335 10.0 0.0 0.0 
4 0.0 -4.504937096988636 0.0 0.0 4.504937096988629 0.0 0.0 
4 0.0 -7.534612122011754 0.0 0.0 10.0 -2.4653878779882494 0.0 
4 0.0 -7.884777817192998 0.0 0.0 10.0 0.0 -2.1152221828070004 
4 0.0 0.0 0.0 0.0 0.0 0.0 0.0 
4 0.0 0.0 0.0 0.0 0.0 0.0 0.0 
4 0.0 -6.339278304237153 0.0 0.0 10.0 -3.660721695762858 0.0 
4 -0.8900484545943417 -0.3092471229114441 -0.9506858284761012 -0.709425918997356 4.549724236479805 -0.863602494553976 -0.8267144169465855 
4 0.0 0.0 -1.0459949852965338 -6.85289748885516 7.89889247415169 0.0 0.0 
4 0.0 0.0 0.0 0.0 0.0 0.0 0.0 
4 -0.586612570839391 -1.004532237985883 -0.5902366859193678 -0.6476661278788334 4.69690206101554 -1.1409730471925472 -0.7268813911995224 
4 0.0 0.0 0.0 0.0 0.0 0.0 0.0 
4 -10.0 0.0 0.0 0.0 10.0 0.0 0.0 
3 0.0 0.0 0.0 0.0 0.0 -2.9318882972669566E-15 0.0 
3 -0.9475325203986246 0.0 -0.4994025553305736 -0.5352965840603662 -1.0463497950465486 3.5925005165007717 -0.563919061664659 
3 0.0 0.0 0.0 0.0 0.0 0.0 0.0 
3 0.0 0.0 0.0 0.0 0.0 0.0 0.0 
3 0.0 0.0 0.0 0.0 0.0 0.0 0.0 
3 0.0 0.0 0.0 0.0 0.0 0.0 0.0 
3 -1.277606717854689 0.0 -3.7908384527831585 0.0 -1.0353737519453974 10.0 -3.8961810774167698 
3 -2.6678453263574293 -0.8052236960569145 -2.302787322596416 -2.1130762620431005 -0.34512896801954707 9.33873978496791 -1.104678209894492 
3 0.0 0.0 0.0 0.0 0.0 0.0 0.0 
3 0.0 0.0 0.0 0.0 0.0 0.0 0.0 
3 -2.1153503094801946 0.0 -2.402684848993536 -2.714161917594052 0.0 10.0 -2.7678029239321944 
3 0.0 0.0 0.0 0.0 0.0 0.0 0.0 
3 0.0 0.0 0.0 0.0 0.0 10.0 -10.000000000000004 
3 0.0 -6.31473382754787 0.0 0.0 -3.6852661724521356 10.0 0.0 
3 0.0 -10.000000000000004 0.0 0.0 0.0 10.0 0.0 
3 0.0 0.0 0.0 0.0 0.0 0.0 0.0 
3 0.0 0.0 0.0 0.0 0.0 -2.5831058188618554E-15 0.0 
3 -0.2575829697096123 -0.17679759761462188 -0.29463723800876407 -0.19404431458860202 -0.2475548766703445 1.417478142193957 -0.2468611456020112 
3 0.0 0.0 0.0 0.0 0.0 0.0 0.0 
3 0.0 0.0 0.0 0.0 0.0 0.0 0.0 
3 0.0 -4.8751745567267495 0.0 0.0 0.0 4.875174556726752 0.0 
3 0.0 0.0 0.0 0.0 0.0 0.0 0.0 
3 -2.5998130200556218 -1.713460838925032 -0.33572558084852344 0.0 -2.4560764150802528 9.315679751927595 -2.2106038970181596 
3 0.0 -3.8245879739690043 0.0 0.0 -6.175412026031005 10.0 0.0 
3 0.0 0.0 0.0 0.0 0.0 0.0 0.0 
3 -0.011565025219321703 0.0 -0.5220220138692033 0.0 -0.6212599696580126 1.154847008746544 0.0 
3 0.0 0.0 0.0 0.0 0.0 2.77371243140751E-15 0.0 
3 0.0 0.0 0.0 0.0 0.0 0.0 0.0 
3 0.0 -10.000000000000007 0.0 0.0 0.0 10.0 0.0 
3 0.0 0.0 0.0 0.0 -10.00000000000002 10.0 0.0 
3 0.0 0.0 0.0 0.0 0.0 0.0 0.0 
3 0.0 -2.8492015606298087 0.0 -7.150798439370192 0.0 10.0 0.0 
3 0.0 0.0 0.0 0.0 0.0 -3.3108714349720832E-15 0.0 
3 0.0 0.0 0.0 0.0 0.0 0.0 0.0 
3 0.0 -9.999999999999977 0.0 0.0 0.0 10.0 0.0 
3 0.0 0.0 0.0 0.0 0.0 0.0 0.0 
3 0.0 0.0 0.0 0.0 0.0 -2.9896301876645556E-15 0.0 
3 0.0 0.0 0.0 0.0 0.0 0.0 0.0 
3 0.0 0.0 0.0 -0.49026464183796664 0.0 0.49026464183796664 0.0 
3 0.0 0.0 0.0 0.0 0.0 0.0 0.0 
3 0.0 -10.000000000000004 0.0 0.0 0.0 10.0 0.0 
3 -2.502465599827099 0.0 -5.285021664031453 0.0 0.0 8.513300875232055 -0.7258136113734969 
3 0.0 -1.6233572069696225 -1.2102114204116654 0.0 -5.005956783919217 8.085563762587322 -0.24603835128681745 
3 0.0 -1.3168122116883703 0.0 0.0 -4.542906565573945 5.859718777262308 0.0 
3 0.0 -10.000000000000034 0.0 0.0 0.0 10.0 0.0 
3 0.0 0.0 0.0 0.0 0.0 0.0 0.0 
3 0.0 0.0 0.0 0.0 0.0 0.0 0.0 
3 0.0 0.0 0.0 0.0 0.0 0.0 0.0 
3 0.0 0.0 0.0 0.0 0.0 0.0 0.0 
3 0.0 -9.999999999999993 0.0 0.0 0.0 10.0 0.0 
3 -0.2085175688019526 -0.06216130740033132 -0.2820490036790961 -0.26060879945308024 -0.24694710538162232 1.2933593335316291 -0.23307554881554846 
3 0.0 0.0 -0.6296169256011865 0.0 0.0 0.6296169256011865 0.0 
3 0.0 -10.000000000000004 0.0 0.0 0.0 10.0 0.0 
3 0.0 0.0 0.0 0.0 0.0 -4.217899753204578E-15 0.0 
3 0.0 0.0 0.0 0.0 0.0 0.0 0.0 
3 0.0 0.0 0.0 0.0 0.0 0.0 0.0 
3 -10.0 0.0 0.0 0.0 0.0 10.0 0.0 
3 0.0 0.0 0.0 0.0 0.0 0.0 0.0 
3 0.0 0.0 0.0 0.0 0.0 0.0 0.0 
3 0.0 0.0 0.0 0.0 -9.999999999999996 10.0 0.0 
3 0.0 0.0 0.0 0.0 0.0 0.0 0.0 
3 0.0 0.0 -1.5280873641853423 0.0 0.0 1.5280873641853423 0.0 
3 -0.15239470602748192 -0.13699704788981928 -0.05582921303414069 -0.085097715592246 -0.1286629852638819 0.6855358628763059 -0.12655419506873808 
3 0.0 0.0 0.0 0.0 -9.999999999999998 10.0 0.0 
3 0.0 0.0 0.0 0.0 -9.999999999999988 10.0 0.0 
3 0.0 0.0 0.0 0.0 0.0 0.0 0.0 
3 0.0 0.0 0.0 0.0 0.0 -1.1797273597406287E-15 0.0 
3 0.0 0.0 0.0 0.0 0.0 0.0 0.0 
3 0.0 -0.08580557318230111 -0.2712910645707217 -0.2147113639884512 -0.20133715740758573 0.9730496018511383 -0.1999044427020803 
3 0.0 0.0 -3.2736135220887945 -0.30070297848579264 0.0 10.0 -6.4256834994254115 
3 0.0 -10.0 0.0 0.0 0.0 10.0 0.0 
3 0.0 0.0 0.0 0.0 0.0 0.0 0.0 
3 -0.19265475483537783 -0.09633233928186738 -0.19501484928585064 -0.16370056051161067 -0.20034884823144894 1.0427913026328652 -0.1947399504867113 
3 0.0 0.0 0.0 0.0 0.0 0.0 0.0 
3 0.0 0.0 0.0 0.0 -9.999999999999995 10.0 0.0 
3 0.0 0.0 0.0 0.0 0.0 0.0 0.0 
3 0.0 0.0 0.0 0.0 0.0 0.0 0.0 
3 -0.769902403057848 -6.636331199614589 -0.8368219880040886 -0.1900527120250585 -0.917967346659635 10.0 -0.6489243506387812 
3 0.0 0.0 0.0 0.0 0.0 0.0 0.0 
3 0.0 0.0 0.0 0.0 0.0 -2.4078258804283486E-15 0.0 
3 0.0 -10.000000000000012 0.0 0.0 0.0 10.0 0.0 
3 -0.9172081161601383 -0.45654299519554714 -0.18801900330835047 -0.35948688158428227 -0.42968568542420793 2.775487754944464 -0.42454507327193125 
3 0.0 0.0 0.0 0.0 -7.536251408544858 7.536251408544858 0.0 
3 -0.14309548173687342 -3.3361740966721865 0.0 -0.5290496751357286 0.0 4.008319253544788 0.0 
3 0.0 0.0 0.0 0.0 -10.0 10.0 0.0 
3 -0.1925059438946255 -0.09562939559732965 -0.19527190376624248 -0.16421225823754673 -0.2005809157012111 1.042849624153759 -0.1946492069568037 
3 0.0 -9.999999999999996 0.0 0.0 0.0 10.0 0.0 
3 0.0 0.0 0.0 -9.999999999999995 0.0 10.0 0.0 
3 0.0 -3.7747523825849267 0.0 0.0 0.0 7.18056975318135 -3.405817370596401 
3 0.0 0.0 0.0 0.0 0.0 0.0 0.0 
3 0.0 -0.046083930801491216 -0.1166870478269419 -0.1163823050731985 -0.09841503429830968 0.4627956389003266 -0.0852273209003897 
3 0.0 0.0 -0.23691822625762649 -0.09157728913145975 -0.19944194130240553 0.7356239228189779 -0.2076864661274854 
3 0.0 0.0 -2.056752884450463 0.0 -4.758437801739504 10.0 -3.184809313810027 
3 0.0 0.0 -3.404717956356473 -5.7078433441086736 0.0 10.0 -0.88743869953486 
3 0.0 -1.6644348538434408 0.0 -8.335565146156565 0.0 10.0 0.0 
3 0.0 -10.0 0.0 0.0 0.0 10.0 0.0 
3 0.0 0.0 0.0 0.0 0.0 0.0 0.0 
3 0.0 -5.977730096404694 0.0 0.0 0.0 5.977730096404694 0.0 
3 0.0 0.0 0.0 -1.2115601774715077 -0.5559722995711149 1.7675324770426222 0.0 
3 -0.030182720849975427 -0.014637483458578269 -0.024986649584292555 -0.02919714240499831 -0.031686549938024014 0.1647139647774976 -0.03402341854162926 
3 -0.2943288557677126 -0.1565108224615947 -0.30326140459989365 -0.25023338164208714 -0.30546387726475704 1.6087641775753516 -0.29896583583930764 
3 -1.5918108247736769 0.0 -1.3454449356344942 -1.7433218818483567 -1.6671767693772395 7.92854612160984 -1.5807917099760749 
3 0.0 0.0 0.0 0.0 0.0 0.0 0.0 
3 0.0 0.0 0.0 0.0 0.0 0.0 0.0 
3 -9.999999999999995 0.0 0.0 0.0 0.0 10.0 0.0 
3 -0.46544641043406415 -0.21497422519595183 -0.45836205940160313 -0.3999258797478648 -0.48156473428653995 2.49307195997698 -0.4727986509109524 
3 -0.4030999852460626 -0.22100257947167642 -0.4177876011827863 -0.33909884000538437 -0.41652948385070043 2.204275976499694 -0.40675748674308543 
3 -0.27792033386455856 -0.10270919031775565 -0.2771619110521829 -0.24003993072228616 -0.2921443266179944 1.4747430797709895 -0.284767387196211 
3 0.0 0.0 0.0 -9.378692786052554 0.0 9.378692786052552 0.0 
3 0.0 -9.999999999999998 0.0 0.0 0.0 10.0 0.0 
3 0.0 -9.99999999999999 0.0 0.0 0.0 10.0 0.0 
3 0.0 0.0 -0.9469986748778333 -9.053001325122167 0.0 10.0 0.0 
3 0.0 0.0 0.0 0.0 0.0 0.0 0.0 
3 -6.777202995582993 0.0 0.0 -3.2227970044170093 0.0 10.0 0.0 
3 -0.1624668280019993 -0.057168795786350826 -0.14517628975624702 -0.14518766140650904 -0.1738321617842662 0.8533996392106584 -0.16956790247528541 
3 -0.19267034532872376 -0.0952687910764992 -0.19564549394210887 -0.1644339047700035 -0.20031835026125958 1.0427712055566931 -0.19443432017809986 
3 0.0 0.0 0.0 0.0 0.0 0.0 0.0 
3 0.0 0.0 0.0 0.0 0.0 0.0 0.0 
3 0.0 0.0 0.0 0.0 0.0 0.0 0.0 
3 0.0 0.0 0.0 0.0 0.0 0.0 0.0 
3 0.0 0.0 0.0 0.0 0.0 0.0 0.0 
3 0.0 0.0 0.0 0.0 0.0 0.0 0.0 
3 0.0 0.0 0.0 0.0 -9.999999999999998 10.0 0.0 
3 -6.829052117483838E-5 0.0 -0.0015909825018002443 -0.003221986594951878 0.0 0.004881259617926663 0.0 
3 0.0 0.0 0.0 0.0 0.0 0.0 0.0 
3 0.0 0.0 0.0 0.0 0.0 0.0 0.0 
3 -0.7311944953274309 -0.3145518265657647 0.0 -0.277179086441129 -0.05689439732425389 1.379819805658577 0.0 
3 0.0 0.0 0.0 0.0 0.0 0.7102940123978524 -0.7102940123978551 
3 0.0 0.0 0.0 0.0 0.0 0.0 0.0 
3 0.0 -3.4308710424516486 0.0 0.0 0.0 3.4308710424516438 0.0 
3 0.0 -0.4762843129043388 0.0 0.0 0.0 0.47628431290433815 0.0 
3 0.0 0.0 0.0 0.0 0.0 0.0 0.0 
3 0.0 -10.000000000000016 0.0 0.0 0.0 10.0 0.0 
3 0.0 -10.000000000000012 0.0 0.0 0.0 10.0 0.0 
3 0.0 0.0 0.0 0.0 0.0 0.0 0.0 
3 0.0 -10.000000000000009 0.0 0.0 0.0 10.0 0.0 
3 -0.654810706149829 -0.39135119623157216 -0.6704301356806208 -0.5380614404526955 -0.6587082909048998 3.5161511751158625 -0.6027894056962457 
3 0.0 0.0 0.0 0.0 0.0 3.487930546089903E-15 0.0 
3 -0.058464355946721225 0.0 -0.31353744394569316 -0.06304422189847687 0.0 0.4350460217908908 0.0 
3 -0.9936165495368562 0.0 0.0 -2.8423976978142758 -2.6096882123898286 6.445702459740964 0.0 
3 -1.080573676919186 -4.017703345838913 -1.4446239052665848 -0.781051094568987 -1.2340441234484791 10.0 -1.4420038539578497 
3 0.0 0.0 0.0 0.0 0.0 0.0 0.0 
3 -10.000000000000018 0.0 0.0 0.0 0.0 10.0 0.0 
3 -9.999999999999998 0.0 0.0 0.0 0.0 10.0 0.0 
3 0.0 0.0 0.0 0.0 -8.43328886284102 10.0 -1.566711137158974 
3 0.0 0.0 0.0 0.0 0.0 0.0 0.0 
3 0.0 0.0 0.0 0.0 0.0 0.16504739085630982 -0.16504739085630726 
3 0.0 0.0 0.0 0.0 0.0 0.0 0.0 
3 -0.22732689474468606 0.0 -0.23288804872083904 0.0 0.0 0.5907580760484759 -0.13054313258295228 
3 0.0 -10.0 0.0 0.0 0.0 10.0 0.0 
3 0.0 0.0 0.0 0.0 0.0 0.0 0.0 
3 0.0 0.0 0.0 0.0 0.0 0.0 0.0 
3 -2.1190043227937467 0.0 0.0 0.0 0.0 2.1190043227937423 0.0 
3 0.0 0.0 -9.999999999999995 0.0 0.0 10.0 0.0 
3 0.0 0.0 0.0 0.0 0.0 0.0 0.0 
3 0.0 0.0 0.0 0.0 0.0 0.0 0.0 
3 -0.19258086233682523 -0.09574045486689013 -0.1951602784965504 -0.16409565862526332 -0.20049406853011126 1.0427291529406677 -0.1946578300850274 
3 -1.2156342869331096 -0.7423665551180115 -1.3062901983663375 -1.5884447717476233 -1.18748134406126 7.226680546917609 -1.1864633906912638 
3 0.0 -10.0 0.0 0.0 0.0 10.0 0.0 
3 0.0 0.0 0.0 0.0 0.0 0.0 0.0 
3 0.0 -10.0 0.0 0.0 0.0 10.0 0.0 
3 -7.069434627693203E-5 -0.00901009706875143 -0.010851564087477743 -0.001575290871992676 -4.792741395777282E-4 0.02200785906704648 -2.0938552968780945E-5 
3 0.0 0.0 0.0 -4.59531909323469 -5.4046809067653445 10.0 0.0 
3 0.0 0.0 0.0 0.0 0.0 0.0 0.0 
3 0.0 0.0 0.0 0.0 0.0 0.0 0.0 
3 -1.7965891302856767 0.0 -1.3424494870369263 -0.769332749162274 -1.1426747901108243 6.2413680678314485 -1.1903219112357468 
3 0.0 0.0 0.0 0.0 0.0 0.0 0.0 
1 0.0 0.0 0.0 0.0 0.0 0.0 0.0 
1 0.0 -9.999999999999996 0.0 0.0 0.0 0.0 10.0 
1 0.0 0.0 0.0 0.0 -10.0 0.0 10.0 
1 0.0 0.0 0.0 0.0 -10.000000000000002 0.0 10.0 
1 -1.8386963302249248 -1.3169368497053136 -1.4950267689458256 -1.0625096758666335 -1.3900389640324902 -1.5504842113484987 8.653692800123675 
1 0.0 0.0 0.0 0.0 0.0 0.0 0.0 
1 0.0 0.0 0.0 0.0 0.0 0.0 0.0 
1 0.0 0.0 -0.896509244571875 0.0 -9.103490755428119 0.0 10.0 
1 0.0 0.0 0.0 0.0 0.0 0.0 0.0 
1 0.0 0.0 0.0 0.0 0.0 -0.925382470949945 0.9253824709499331 
1 0.0 0.0 0.0 0.0 -9.999999999999996 0.0 10.0 
1 0.0 0.0 0.0 0.0 0.0 0.0 0.0 
1 0.0 0.0 0.0 0.0 0.0 0.0 0.0 
1 0.0 0.0 0.0 0.0 0.0 0.0 0.0 
1 0.0 0.0 0.0 0.0 0.0 0.0 0.0 
1 0.0 0.0 0.0 0.0 -10.0 0.0 10.0 
1 0.0 0.0 0.0 -9.745162422765892 -0.25483757723411005 0.0 10.0 
1 0.0 0.0 0.0 -0.8126644791524956 0.0 0.0 0.8126644791524956 
1 -0.40367980154877126 -0.2554537465906689 -0.30326918117409635 -0.252711666304138 -0.2606689634924341 -0.29440166623609537 1.7701850253462064 
1 0.0 0.0 0.0 0.0 -5.745300676657068 -4.254699323342945 10.0 
1 0.0 0.0 0.0 -10.0 0.0 0.0 10.0 
1 0.0 0.0 0.0 0.0 0.0 0.0 0.0 
1 0.0 0.0 0.0 0.0 0.0 0.0 0.0 
1 0.0 0.0 0.0 0.0 0.0 0.0 0.0 
1 0.0 0.0 -6.6030629414740245 0.0 0.0 0.0 6.6030629414740165 
1 0.0 -2.4382664917006722 -1.6741108659600625 0.0 0.0 -5.887622642339254 10.0 
1 0.0 0.0 0.0 0.0 0.0 0.0 0.0 
1 0.0 0.0 0.0 0.0 0.0 0.0 0.0 
1 0.0 0.0 0.0 0.0 0.0 0.0 3.534274913416829E-15 
1 0.0 0.0 0.0 0.0 -10.0 0.0 10.0 
1 0.0 0.0 0.0 0.0 0.0 0.0 0.0 
1 0.0 -10.000000000000009 0.0 0.0 0.0 0.0 10.0 
1 -0.22378170226831653 0.0 0.0 -3.9964166643607997 0.0 -0.589790871175595 4.809989237804721 
1 0.0 0.0 0.0 0.0 -9.999999999999996 0.0 10.0 
1 0.0 -0.9375437215812938 0.0 0.0 -9.062456278418708 0.0 10.0 
1 0.0 -10.000000000000004 0.0 0.0 0.0 0.0 10.0 
1 0.0 0.0 0.0 -10.0 0.0 0.0 10.0 
1 0.0 0.0 0.0 0.0 -9.999999999999993 0.0 10.0 
1 0.0 0.0 0.0 0.0 0.0 0.0 -1.8576031357247556E-15 
1 0.0 0.0 0.0 0.0 0.0 0.0 0.0 
1 -4.40917586102444 -0.6115972851087492 -0.9937653041458203 -2.9139501877104923 0.0 -1.071511362010516 10.0 
1 0.0 0.0 0.0 0.0 0.0 0.0 0.0 
1 0.0 -9.999999999999998 0.0 0.0 0.0 0.0 10.0 
1 -7.589861366584174 -1.4221491708099279 -0.5122757359534217 0.0 0.0 0.0 9.52428627334753 
1 0.0 0.0 0.0 0.0 0.0 0.0 0.0 
1 0.0 0.0 0.0 -9.999999999999996 0.0 0.0 10.0 
1 0.0 0.0 0.0 0.0 -10.0 0.0 10.0 
1 0.0 0.0 0.0 0.0 0.0 0.0 0.0 
1 -0.9778292221130329 0.0 0.0 0.0 0.0 -9.022170777886974 10.0 
1 -1.0012161162947413 -0.8148805799096078 -0.8886682063306365 -0.7513767515680625 -0.7989683386006731 -0.8083512557091063 5.063461248412825 
1 0.0 0.0 0.0 0.0 0.0 0.0 0.0 
1 0.0 0.0 -0.15588690870807712 0.0 -9.844113091291943 0.0 10.0 
1 0.0 0.0 0.0 0.0 -9.999999999999996 0.0 10.0 
1 -4.633857810578725E-4 0.0 -0.0014865718343433794 0.0 -0.0010553833212526029 0.0 0.003005340936654848 
1 -1.8965909100732696 -2.350063331144819 -1.5983149016241012 0.0 -1.0213121794698654 -1.0553979796857813 7.921679301997836 
1 0.0 0.0 0.0 0.0 0.0 0.0 0.0 
1 0.0 0.0 0.0 0.0 0.0 0.0 0.0 
1 0.0 0.0 0.0 0.0 -9.999999999999996 0.0 10.0 
1 -0.2195565947096615 -0.13697478717700312 -0.18774887660986797 -0.14952110008484956 -0.16539820437948036 -0.1673091089313796 1.0265086718922418 
1 0.0 0.0 0.0 -9.999999999999998 0.0 0.0 10.0 
1 0.0 0.0 -0.24983726021573568 0.0 -9.750162739784273 0.0 10.0 
1 0.0 0.0 0.0 0.0 0.0 0.0 0.0 
1 0.0 0.0 0.0 0.0 0.0 0.0 0.0 
1 0.0 0.0 0.0 0.0 0.0 0.0 0.0 
1 0.0 0.0 0.0 -10.0 0.0 0.0 10.0 
1 0.0 0.0 0.0 0.0 0.0 0.0 0.0 
1 0.0 0.0 0.0 0.0 0.0 0.0 0.0 
1 0.0 0.0 0.0 -10.000000000000018 0.0 0.0 10.0 
1 0.0 0.0 0.0 0.0 0.0 0.0 0.0 
1 0.0 0.0 0.0 0.0 0.0 0.0 0.0 
1 0.0 0.0 0.0 0.0 0.0 0.0 0.0 
1 0.0 0.0 0.0 -9.999999999999996 0.0 0.0 10.0 
1 0.0 0.0 -5.7072261102012805 0.0 0.0 0.0 5.707226110201275 
1 0.0 0.0 -3.840910288668231 -6.159089711331766 0.0 0.0 10.0 
1 -0.26678610209752657 -0.1600432081427738 -0.19549910914359148 -0.16451950109842953 -0.17048608101806265 -0.18714342888884827 1.1444774303892324 
1 0.0 -9.999999999999996 0.0 0.0 0.0 0.0 10.0 
1 0.0 0.0 0.0 0.0 0.0 0.0 0.0 
1 -0.1030359764786187 -2.3765323543603953 0.0 0.0 0.0 -2.9388263745809518 5.418394705419971 
1 0.0 0.0 0.0 0.0 0.0 0.0 -6.2519394040847104E-15 
1 0.0 0.0 0.0 0.0 0.0 0.0 0.0 
